 Nkx__Nky
          40          40
 Nqx__Nqy
           1           1
 U_DJ
   1.20000000000000       0.220000000000000     
 Dtemp_Dne
  0.000000000000000E+000   6.00000000000000     
 Erng__Maxom__Deta
  0.400000000000000              200  2.000000000000000E-003
 Erange
  0.000000000000000E+000
 Fen_Dmu
  0.000000000000000E+000   1.05788398365257     
 uu
           1
    0.00000000000000        0.00000000000000    
           2
    0.00000000000000        0.00000000000000    
           3
    0.00000000000000        0.00000000000000    
           4
    0.00000000000000        0.00000000000000    
           5
    0.00000000000000        0.00000000000000    
 order_parameters
    1    1    1
    0.00000000000000        0.00000000000000    
    1    2    1
    0.00000000000000        0.00000000000000    
    1    3    1
    0.00000000000000        0.00000000000000    
    1    4    1
    0.00000000000000        0.00000000000000    
    1    5    1
    0.00000000000000        0.00000000000000    
    2    1    1
    0.00000000000000        0.00000000000000    
    2    2    1
    0.00000000000000        0.00000000000000    
    2    3    1
    0.00000000000000        0.00000000000000    
    2    4    1
    0.00000000000000        0.00000000000000    
    2    5    1
    0.00000000000000        0.00000000000000    
    3    1    1
    0.00000000000000        0.00000000000000    
    3    2    1
    0.00000000000000        0.00000000000000    
    3    3    1
    0.00000000000000        0.00000000000000    
    3    4    1
    0.00000000000000        0.00000000000000    
    3    5    1
    0.00000000000000        0.00000000000000    
    4    1    1
    0.00000000000000        0.00000000000000    
    4    2    1
    0.00000000000000        0.00000000000000    
    4    3    1
    0.00000000000000        0.00000000000000    
    4    4    1
    0.00000000000000        0.00000000000000    
    4    5    1
    0.00000000000000        0.00000000000000    
    5    1    1
    0.00000000000000        0.00000000000000    
    5    2    1
    0.00000000000000        0.00000000000000    
    5    3    1
    0.00000000000000        0.00000000000000    
    5    4    1
    0.00000000000000        0.00000000000000    
    5    5    1
    0.00000000000000        0.00000000000000    
    1    1    2
    0.00000000000000        0.00000000000000    
    1    2    2
    0.00000000000000        0.00000000000000    
    1    3    2
    0.00000000000000        0.00000000000000    
    1    4    2
    0.00000000000000        0.00000000000000    
    1    5    2
    0.00000000000000        0.00000000000000    
    2    1    2
    0.00000000000000        0.00000000000000    
    2    2    2
    0.00000000000000        0.00000000000000    
    2    3    2
    0.00000000000000        0.00000000000000    
    2    4    2
    0.00000000000000        0.00000000000000    
    2    5    2
    0.00000000000000        0.00000000000000    
    3    1    2
    0.00000000000000        0.00000000000000    
    3    2    2
    0.00000000000000        0.00000000000000    
    3    3    2
    0.00000000000000        0.00000000000000    
    3    4    2
    0.00000000000000        0.00000000000000    
    3    5    2
    0.00000000000000        0.00000000000000    
    4    1    2
    0.00000000000000        0.00000000000000    
    4    2    2
    0.00000000000000        0.00000000000000    
    4    3    2
    0.00000000000000        0.00000000000000    
    4    4    2
    0.00000000000000        0.00000000000000    
    4    5    2
    0.00000000000000        0.00000000000000    
    5    1    2
    0.00000000000000        0.00000000000000    
    5    2    2
    0.00000000000000        0.00000000000000    
    5    3    2
    0.00000000000000        0.00000000000000    
    5    4    2
    0.00000000000000        0.00000000000000    
    5    5    2
    0.00000000000000        0.00000000000000    
 order_parameters2
    1    1    1
    0.00000000000000        0.00000000000000    
    1    2    1
    0.00000000000000        0.00000000000000    
    1    3    1
    0.00000000000000        0.00000000000000    
    1    4    1
    0.00000000000000        0.00000000000000    
    1    5    1
    0.00000000000000        0.00000000000000    
    2    1    1
    0.00000000000000        0.00000000000000    
    2    2    1
    0.00000000000000        0.00000000000000    
    2    3    1
    0.00000000000000        0.00000000000000    
    2    4    1
    0.00000000000000        0.00000000000000    
    2    5    1
    0.00000000000000        0.00000000000000    
    3    1    1
    0.00000000000000        0.00000000000000    
    3    2    1
    0.00000000000000        0.00000000000000    
    3    3    1
    0.00000000000000        0.00000000000000    
    3    4    1
    0.00000000000000        0.00000000000000    
    3    5    1
    0.00000000000000        0.00000000000000    
    4    1    1
    0.00000000000000        0.00000000000000    
    4    2    1
    0.00000000000000        0.00000000000000    
    4    3    1
    0.00000000000000        0.00000000000000    
    4    4    1
    0.00000000000000        0.00000000000000    
    4    5    1
    0.00000000000000        0.00000000000000    
    5    1    1
    0.00000000000000        0.00000000000000    
    5    2    1
    0.00000000000000        0.00000000000000    
    5    3    1
    0.00000000000000        0.00000000000000    
    5    4    1
    0.00000000000000        0.00000000000000    
    5    5    1
    0.00000000000000        0.00000000000000    
    1    1    2
    0.00000000000000        0.00000000000000    
    1    2    2
    0.00000000000000        0.00000000000000    
    1    3    2
    0.00000000000000        0.00000000000000    
    1    4    2
    0.00000000000000        0.00000000000000    
    1    5    2
    0.00000000000000        0.00000000000000    
    2    1    2
    0.00000000000000        0.00000000000000    
    2    2    2
    0.00000000000000        0.00000000000000    
    2    3    2
    0.00000000000000        0.00000000000000    
    2    4    2
    0.00000000000000        0.00000000000000    
    2    5    2
    0.00000000000000        0.00000000000000    
    3    1    2
    0.00000000000000        0.00000000000000    
    3    2    2
    0.00000000000000        0.00000000000000    
    3    3    2
    0.00000000000000        0.00000000000000    
    3    4    2
    0.00000000000000        0.00000000000000    
    3    5    2
    0.00000000000000        0.00000000000000    
    4    1    2
    0.00000000000000        0.00000000000000    
    4    2    2
    0.00000000000000        0.00000000000000    
    4    3    2
    0.00000000000000        0.00000000000000    
    4    4    2
    0.00000000000000        0.00000000000000    
    4    5    2
    0.00000000000000        0.00000000000000    
    5    1    2
    0.00000000000000        0.00000000000000    
    5    2    2
    0.00000000000000        0.00000000000000    
    5    3    2
    0.00000000000000        0.00000000000000    
    5    4    2
    0.00000000000000        0.00000000000000    
    5    5    2
    0.00000000000000        0.00000000000000    
 order_parameters0
    1    1    1
    0.00000000000000        0.00000000000000    
    1    2    1
    0.00000000000000        0.00000000000000    
    1    3    1
    0.00000000000000        0.00000000000000    
    1    4    1
    0.00000000000000        0.00000000000000    
    1    5    1
    0.00000000000000        0.00000000000000    
    2    1    1
    0.00000000000000        0.00000000000000    
    2    2    1
    0.00000000000000        0.00000000000000    
    2    3    1
    0.00000000000000        0.00000000000000    
    2    4    1
    0.00000000000000        0.00000000000000    
    2    5    1
    0.00000000000000        0.00000000000000    
    3    1    1
    0.00000000000000        0.00000000000000    
    3    2    1
    0.00000000000000        0.00000000000000    
    3    3    1
    0.00000000000000        0.00000000000000    
    3    4    1
    0.00000000000000        0.00000000000000    
    3    5    1
    0.00000000000000        0.00000000000000    
    4    1    1
    0.00000000000000        0.00000000000000    
    4    2    1
    0.00000000000000        0.00000000000000    
    4    3    1
    0.00000000000000        0.00000000000000    
    4    4    1
    0.00000000000000        0.00000000000000    
    4    5    1
    0.00000000000000        0.00000000000000    
    5    1    1
    0.00000000000000        0.00000000000000    
    5    2    1
    0.00000000000000        0.00000000000000    
    5    3    1
    0.00000000000000        0.00000000000000    
    5    4    1
    0.00000000000000        0.00000000000000    
    5    5    1
    0.00000000000000        0.00000000000000    
    1    1    2
    0.00000000000000        0.00000000000000    
    1    2    2
    0.00000000000000        0.00000000000000    
    1    3    2
    0.00000000000000        0.00000000000000    
    1    4    2
    0.00000000000000        0.00000000000000    
    1    5    2
    0.00000000000000        0.00000000000000    
    2    1    2
    0.00000000000000        0.00000000000000    
    2    2    2
    0.00000000000000        0.00000000000000    
    2    3    2
    0.00000000000000        0.00000000000000    
    2    4    2
    0.00000000000000        0.00000000000000    
    2    5    2
    0.00000000000000        0.00000000000000    
    3    1    2
    0.00000000000000        0.00000000000000    
    3    2    2
    0.00000000000000        0.00000000000000    
    3    3    2
    0.00000000000000        0.00000000000000    
    3    4    2
    0.00000000000000        0.00000000000000    
    3    5    2
    0.00000000000000        0.00000000000000    
    4    1    2
    0.00000000000000        0.00000000000000    
    4    2    2
    0.00000000000000        0.00000000000000    
    4    3    2
    0.00000000000000        0.00000000000000    
    4    4    2
    0.00000000000000        0.00000000000000    
    4    5    2
    0.00000000000000        0.00000000000000    
    5    1    2
    0.00000000000000        0.00000000000000    
    5    2    2
    0.00000000000000        0.00000000000000    
    5    3    2
    0.00000000000000        0.00000000000000    
    5    4    2
    0.00000000000000        0.00000000000000    
    5    5    2
    0.00000000000000        0.00000000000000    
 density
 orbital__sz__n
3z^2-r^3:      0.00000000000000        1.49419992062062    
xz______:      0.00000000000000        1.20321273039458    
yz______:      0.00000000000000        1.20321273039458    
x^2-y^2_:      0.00000000000000        1.14344874551017    
xy______:      0.00000000000000       0.954675873080065    
 
 conrs=  0.000000000000000E+000
 Dne1=   5.99875000000000     
 |Dne1-Dne|=  1.250000000000639E-003
  temperature=  0.000000000000000E+000
