### unitcell=Fe-Fe
###  orbital 1:  3z^2-r^2  2:  zx  3:  yz  4:  x^2-y^2  5:  xy
### omega, majority-spin (mu=1-5), minority-spin (mu=1-5), total
    -2.500000000        0.1984755854E-02    0.2179120690E-02    0.1972383589E-02    0.4421116204E-02    0.1362092040E-02    0.1343918927E-20    0.3014259351E-21    0.2009891113E-21    0.5187959217E-20     0.000000000        0.5959734189E-02
    -2.487500000        0.2013226793E-02    0.2216281647E-02    0.2004141710E-02    0.4541369089E-02    0.1377955045E-02    0.1368907603E-20    0.3010150055E-21    0.2000983814E-21    0.5367005371E-20     0.000000000        0.6076487142E-02
    -2.475000000        0.2042367012E-02    0.2254545686E-02    0.2036798806E-02    0.4667216950E-02    0.1394119090E-02    0.1394603672E-20    0.3005104022E-21    0.1990143476E-21    0.5555099059E-20     0.000000000        0.6197523772E-02
    -2.462500000        0.2072199471E-02    0.2293962371E-02    0.2070393901E-02    0.4799038691E-02    0.1410592471E-02    0.1421033602E-20    0.2999067432E-21    0.1977202959E-21    0.5752853073E-20     0.000000000        0.6323093453E-02
    -2.450000000        0.2102748215E-02    0.2334584379E-02    0.2104968413E-02    0.4937247484E-02    0.1427383795E-02    0.1448225050E-20    0.2991981404E-21    0.1961979207E-21    0.5960932389E-20     0.000000000        0.6453466143E-02
    -2.437500000        0.2134038437E-02    0.2376467756E-02    0.2140566346E-02    0.5082294695E-02    0.1444501997E-02    0.1476206916E-20    0.2983781089E-21    0.1944271424E-21    0.6180059478E-20     0.000000000        0.6588934616E-02
    -2.425000000        0.2166096560E-02    0.2419672207E-02    0.2177234512E-02    0.5234674354E-02    0.1461956357E-02    0.1505009407E-20    0.2974394571E-21    0.1923858999E-21    0.6411020228E-20     0.000000000        0.6729816995E-02
    -2.412500000        0.2198950309E-02    0.2464261413E-02    0.2215022766E-02    0.5394928279E-02    0.1479756515E-02    0.1534664090E-20    0.2963741501E-21    0.1900499134E-21    0.6654670560E-20     0.000000000        0.6876459641E-02
    -2.400000000        0.2232628801E-02    0.2510303385E-02    0.2253984274E-02    0.5563651935E-02    0.1497912491E-02    0.1565203961E-20    0.2951731416E-21    0.1873924134E-21    0.6911943816E-20     0.000000000        0.7029240443E-02
    -2.387500000        0.2267162641E-02    0.2557870860E-02    0.2294175811E-02    0.5741501185E-02    0.1516434706E-02    0.1596663506E-20    0.2938261668E-21    0.1843838288E-21    0.7183859026E-20     0.000000000        0.7188572602E-02
    -2.375000000        0.2302584022E-02    0.2607041741E-02    0.2335658091E-02    0.5929200079E-02    0.1535334000E-02    0.1629078761E-20    0.2923214841E-21    0.1809914290E-21    0.7471530130E-20     0.000000000        0.7354908966E-02
    -2.362500000        0.2338926836E-02    0.2657899590E-02    0.2378496135E-02    0.6127549870E-02    0.1554621659E-02    0.1662487383E-20    0.2906455552E-21    0.1771789089E-21    0.7776176308E-20     0.000000000        0.7528747045E-02
    -2.350000000        0.2376226801E-02    0.2710534184E-02    0.2422759689E-02    0.6337439501E-02    0.1574309435E-02    0.1696928710E-20    0.2887826455E-21    0.1729059089E-21    0.8099133492E-20     0.000000000        0.7710634805E-02
    -2.337500000        0.2414521590E-02    0.2765042144E-02    0.2468523691E-02    0.6559857833E-02    0.1594409573E-02    0.1732443825E-20    0.2867143251E-21    0.1681274557E-21    0.8441867231E-20     0.000000000        0.7901177416E-02
    -2.325000000        0.2453850984E-02    0.2821527639E-02    0.2515868797E-02    0.6795907973E-02    0.1614934839E-02    0.1769075613E-20    0.2844188427E-21    0.1627933100E-21    0.8805986992E-20     0.000000000        0.8101045117E-02
    -2.312500000        0.2494257031E-02    0.2880103195E-02    0.2564881982E-02    0.7046824130E-02    0.1635898551E-02    0.1806868819E-20    0.2818703384E-21    0.1568472009E-21    0.9193262047E-20     0.000000000        0.8310982444E-02
    -2.300000000        0.2535784227E-02    0.2940890606E-02    0.2615657214E-02    0.7313991529E-02    0.1657314607E-02    0.1845870095E-20    0.2790378510E-21    0.1502259253E-21    0.9605639019E-20     0.000000000        0.8531819092E-02
    -2.287500000        0.2578479716E-02    0.3004021988E-02    0.2668296238E-02    0.7598970058E-02    0.1679197525E-02    0.1886128036E-20    0.2758840606E-21    0.1428582826E-21    0.1004526115E-19     0.000000000        0.8764482762E-02
    -2.275000000        0.2622393509E-02    0.3069640978E-02    0.2722909458E-02    0.7903522478E-02    0.1701562472E-02    0.1927693211E-20    0.2723636916E-21    0.1346638099E-21    0.1051448929E-19     0.000000000        0.9010014447E-02
    -2.262500000        0.2667578735E-02    0.3137904125E-02    0.2779616962E-02    0.8229648262E-02    0.1724425311E-02    0.1970618173E-20    0.2684214760E-21    0.1255512717E-21    0.1101592436E-19     0.000000000        0.9269586698E-02
    -2.250000000        0.2714091917E-02    0.3208982504E-02    0.2838549709E-02    0.8579624410E-02    0.1747802639E-02    0.2014957437E-20    0.2639895455E-21    0.1154168495E-21    0.1155243107E-19     0.000000000        0.9544525589E-02
    -2.237500000        0.2761993279E-02    0.3283063584E-02    0.2899850897E-02    0.8956054977E-02    0.1771711836E-02    0.2060767450E-20    0.2589840758E-21    0.1041419580E-21    0.1212716208E-19     0.000000000        0.9836337286E-02
    -2.225000000        0.2811347102E-02    0.3360353437E-02    0.2963677574E-02    0.9361931553E-02    0.1796171114E-02    0.2108106500E-20    0.2533009517E-21    0.9159059665E-22    0.1274358140E-19     0.000000000        0.1014674039E-01
    -2.212500000        0.2862222121E-02    0.3441079320E-02    0.3030202521E-02    0.9800707628E-02    0.1821199569E-02    0.2157034593E-20    0.2468101345E-21    0.7760611972E-22    0.1340548498E-19     0.000000000        0.1047770558E-01
    -2.200000000        0.2914691978E-02    0.3525492755E-02    0.3099616484E-02    0.1027639068E-01    0.1846817244E-02    0.2207613257E-20    0.2393483048E-21    0.6200727069E-22    0.1411701512E-19     0.000000000        0.1083150457E-01
    -2.187500000        0.2968835742E-02    0.3613873196E-02    0.3172130821E-02    0.1079365712E-01    0.1873045190E-02    0.2259905275E-20    0.2307091956E-21    0.4458328165E-22    0.1488266322E-19     0.000000000        0.1121077104E-01
    -2.175000000        0.3024738511E-02    0.3706532439E-02    0.3247980687E-02    0.1135799702E-01    0.1899905536E-02    0.2313974305E-20    0.2206308055E-21    0.2508777401E-22    0.1570725224E-19     0.000000000        0.1161857710E-01
    -2.162500000        0.3082492107E-02    0.3803819984E-02    0.3327428864E-02    0.1197589781E-01    0.1927421566E-02    0.2369884385E-20    0.2087783674E-21    0.3231109557E-23    0.1659588504E-19     0.000000000        0.1205853017E-01
    -2.150000000        0.3142195891E-02    0.3906129570E-02    0.3410770431E-02    0.1265508012E-01    0.1955617800E-02    0.2427699268E-20    0.1947214860E-21   -0.2132927928E-22    0.1755383632E-19     0.000000000        0.1253489691E-01
    -2.137500000        0.3203957719E-02    0.4013907265E-02    0.3498338507E-02    0.1340480333E-01    0.1984520089E-02    0.2487481556E-20    0.1779031895E-21   -0.4900122000E-22    0.1858635300E-19     0.000000000        0.1305276345E-01
    -2.125000000        0.3267895087E-02    0.4127661544E-02    0.3590511362E-02    0.1423626643E-01    0.2014155712E-02    0.2549291584E-20    0.1575976446E-21   -0.8027366923E-22    0.1969830509E-19     0.000000000        0.1361824506E-01
    -2.112500000        0.3334136494E-02    0.4247976010E-02    0.3687721349E-02    0.1516314053E-01    0.2044553485E-02    0.2613186001E-20    0.1328517899E-21   -0.1157373401E-21    0.2089359356E-19     0.000000000        0.1423876393E-01
    -2.100000000        0.3402823105E-02    0.4375525633E-02    0.3790466231E-02    0.1620228613E-01    0.2075743886E-02    0.2679215978E-20    0.1024038581E-21   -0.1561118021E-21    0.2217415883E-19     0.000000000        0.1492342249E-01
    -2.087500000        0.3474110785E-02    0.4511097791E-02    0.3899323749E-02    0.1737473438E-01    0.2107759187E-02    0.2747424994E-20    0.6456820290E-22   -0.2022814991E-21    0.2353832780E-19     0.000000000        0.1568351295E-01
    -2.075000000        0.3548172629E-02    0.4655619922E-02    0.4014970634E-02    0.1870705255E-01    0.2140633607E-02    0.2817846156E-20    0.1707020806E-22   -0.2553442224E-21    0.2497804861E-19     0.000000000        0.1653322467E-01
    -2.062500000        0.3625202163E-02    0.4810196505E-02    0.4138207810E-02    0.2023328094E-01    0.2174403472E-02    0.2890499094E-20   -0.4319408686E-22   -0.3166772406E-21    0.2647422335E-19     0.000000000        0.1749064545E-01
    -2.050000000        0.3705417436E-02    0.4976159461E-02    0.4269994438E-02    0.2199773989E-01    0.2209107408E-02    0.2965386591E-20   -0.1205141936E-21   -0.3880288713E-21    0.2798871788E-19     0.000000000        0.1857920932E-01
    -2.037500000        0.3789066385E-02    0.5155138333E-02    0.4411494834E-02    0.2405919782E-01    0.2244786544E-02    0.3042491485E-20   -0.2209036766E-21   -0.4716473673E-21    0.2945041971E-19     0.000000000        0.1982984196E-01
    -2.025000000        0.3876433987E-02    0.5349160446E-02    0.4564144680E-02    0.2649723432E-01    0.2281484752E-02    0.3121775082E-20   -0.3529329862E-21   -0.5704656156E-21    0.3073031160E-19     0.000000000        0.2128422909E-01
    -2.012500000        0.3967852047E-02    0.5560797926E-02    0.4729746974E-02    0.2942227000E-01    0.2319248912E-02    0.3203179911E-20   -0.5290516221E-21   -0.6883711450E-21    0.3159555002E-19     0.000000000        0.2299995793E-01
    -2.000000000        0.4063712975E-02    0.5793390695E-02    0.4910615496E-02    0.3299197576E-01    0.2358129216E-02    0.3286643116E-20   -0.7677516388E-21   -0.8306097068E-21    0.3162170983E-19     0.000000000        0.2505891207E-01
    -1.987500000        0.4164489800E-02    0.6051398032E-02    0.5109797300E-02    0.3743932660E-01    0.2398179519E-02    0.3372134475E-20   -0.1097235229E-20   -0.1004403728E-20    0.3001744460E-19     0.000000000        0.2758159562E-01
    -1.975000000        0.4270766436E-02    0.6340979069E-02    0.5331433135E-02    0.4312315955E-01    0.2439457744E-02    0.3459750855E-20   -0.1561896583E-20   -0.1219927106E-20    0.2525453576E-19     0.000000000        0.3075289797E-01
    -1.962500000        0.4383285603E-02    0.6671006915E-02    0.5581373130E-02    0.5062534882E-01    0.2482026356E-02    0.3549941964E-20   -0.2234361035E-20   -0.1491891779E-20    0.1423302507E-19     0.000000000        0.3487152041E-01
    -1.950000000        0.4503029234E-02    0.7054969771E-02    0.5868300161E-02    0.6095322934E-01    0.2525952929E-02    0.3644052326E-20   -0.3239228794E-20   -0.1842227214E-20   -0.9768626452E-20     0.000000000        0.4045274072E-01
    -1.937500000        0.4631363667E-02    0.7514873370E-02    0.6205959924E-02    0.7600718660E-01    0.2571310828E-02    0.3745667207E-20   -0.4803478498E-20   -0.2304804494E-20   -0.6270054186E-19     0.000000000        0.4846534720E-01
    -1.925000000        0.4770328501E-02    0.8090284437E-02    0.6618111931E-02    0.9982004893E-01    0.2618180067E-02    0.3864163083E-20   -0.7373773525E-20   -0.2934198304E-20   -0.1874197205E-18     0.000000000        0.6095847693E-01
    -1.912500000        0.4923294087E-02    0.8863167239E-02    0.7151368389E-02    0.1425314911        0.2666648417E-02    0.4024960781E-20   -0.1192358996E-19   -0.3822955286E-20   -0.5212464949E-18     0.000000000        0.8306798463E-01
    -1.900000000        0.5096787053E-02    0.1004519774E-01    0.7916928090E-02    0.2370363733        0.2716812969E-02    0.4303252837E-20   -0.2089237996E-19   -0.5138242189E-20   -0.1630599296E-17     0.000000000        0.1314060496    
    -1.887500000        0.5307198927E-02    0.1237671036E-01    0.9272260483E-02    0.5236627069        0.2768782630E-02    0.4957766961E-20   -0.4173220045E-19   -0.7207146247E-20   -0.6511401498E-17     0.000000000        0.2766938296    
    -1.875000000        0.5603652523E-02    0.1742532555E-01    0.1220787308E-01     1.041410513        0.2822683340E-02    0.7117322870E-20   -0.1046292330E-18   -0.1074015379E-19   -0.8496938927E-17     0.000000000        0.5397350236    
    -1.862500000        0.6035155863E-02    0.2365706562E-01    0.1649069167E-01     1.210322162        0.2878668957E-02    0.1639167689E-19   -0.3519214235E-18   -0.1751592470E-19    0.8312985848E-17     0.000000000        0.6296918723    
    -1.850000000        0.6624022932E-02    0.3037918595E-01    0.2178991476E-01     1.302634824        0.2936940542E-02    0.1625305043E-19   -0.3614507747E-18   -0.3298037242E-19    0.8367346718E-17     0.000000000        0.6821824441    
    -1.837500000        0.7447314734E-02    0.3897371490E-01    0.2714296331E-01     1.352894488        0.2997754861E-02    0.2734366316E-21   -0.5704002906E-19   -0.7934187893E-19    0.4713161544E-17     0.000000000        0.7147281177    
    -1.825000000        0.8093150874E-02    0.4219552941E-01    0.3175648953E-01     1.267668135        0.3061383953E-02   -0.1731577940E-19    0.1739014463E-18   -0.2579732235E-18    0.9256706809E-17     0.000000000        0.6763873442    
    -1.812500000        0.9334351634E-02    0.5267111602E-01    0.3710908080E-01     1.333718316        0.3128306630E-02   -0.7091619135E-19    0.1410322185E-18   -0.2414041844E-18    0.8481096415E-17     0.000000000        0.7179805856    
    -1.800000000        0.1026169062E-01    0.5599262950E-01    0.4294619867E-01     1.280373904        0.3198808143E-02   -0.4517388092E-19   -0.1306170165E-18   -0.7477506580E-19    0.3284648954E-17     0.000000000        0.6963866156    
    -1.787500000        0.1117574582E-01    0.6409217469E-01    0.4929903708E-01     1.327287241        0.3274328024E-02   -0.1404044056E-19   -0.6234922472E-18   -0.3187669504E-19    0.2572038618E-17     0.000000000        0.7275642635    
    -1.775000000        0.1338510724E-01    0.7244790648E-01    0.5108208934E-01     1.243128125        0.3352527480E-02   -0.1070481355E-19   -0.1060252091E-17   -0.1736608498E-19    0.4601912635E-17     0.000000000        0.6916978777    
    -1.762500000        0.1317782262E-01    0.7631956484E-01    0.6297668657E-01     1.341624433        0.3439782015E-02   -0.2475605267E-19    0.1156164056E-18   -0.1100157802E-19    0.1140858369E-16     0.000000000        0.7487691447    
    -1.750000000        0.1512229946E-01    0.8146070582E-01    0.6065559224E-01     1.206317049        0.3530707757E-02   -0.9490519953E-19   -0.5833108022E-18   -0.7725732477E-20    0.4989733022E-17     0.000000000        0.6835431771    
    -1.737500000        0.1774826100E-01    0.9121625011E-01    0.6651246748E-01     1.185946372        0.3625034321E-02   -0.1113259563E-18   -0.8100651085E-18   -0.5865217355E-20    0.1818105263E-17     0.000000000        0.6825241926    
    -1.725000000        0.1718369792E-01    0.9960400500E-01    0.8487210725E-01     1.397833953        0.3745464535E-02    0.1480798322E-19    0.2212248561E-18   -0.4747196033E-20    0.9072248977E-18     0.000000000        0.8016196139    
    -1.712500000        0.1928194856E-01    0.9893576553E-01    0.7698461409E-01     1.173097062        0.3858302967E-02    0.1551426309E-18    0.1429174325E-17   -0.4062142108E-20    0.5365723244E-18     0.000000000        0.6860788464    
    -1.700000000        0.2224095628E-01    0.1094518945        0.7487112768E-01     1.071187272        0.3961715588E-02    0.3045155018E-18    0.2835862936E-17   -0.3653827532E-20    0.3396446935E-18     0.000000000        0.6408564831    
    -1.687500000        0.2204549991E-01    0.1168997887        0.9915693329E-01     1.284769283        0.4137057273E-02    0.7132116863E-19    0.1613324055E-17   -0.3438740347E-20    0.2060320688E-18     0.000000000        0.7635042809    
    -1.675000000        0.2457702484E-01    0.1290443166        0.1101447728         1.355747876        0.4328530840E-02   -0.5055198871E-19    0.1602356795E-17   -0.3371539849E-20    0.8427771885E-19     0.000000000        0.8119212605    
    -1.662500000        0.2536756539E-01    0.1216346180        0.8080811678E-01    0.9591141638        0.4394655586E-02   -0.2799057473E-18    0.2826022214E-17   -0.3429093994E-20   -0.7371104464E-19     0.000000000        0.5956595598    
    -1.650000000        0.2924512943E-01    0.1332209915        0.1040047473         1.057418731        0.4610045155E-02   -0.1705323350E-18    0.1815829795E-17   -0.3602900015E-20   -0.3644364937E-18     0.000000000        0.6642498223    
    -1.637500000        0.3048820859E-01    0.1625051099        0.1438958862         1.477313172        0.5024272579E-02   -0.4286173564E-19    0.8972653895E-18   -0.3895780377E-20   -0.1105936395E-17     0.000000000        0.9096133245    
    -1.625000000        0.3179125574E-01    0.1555105719        0.1283363910         1.234453051        0.5151479233E-02   -0.9727496991E-20    0.1268848757E-17   -0.4321185313E-20   -0.3798327261E-17     0.000000000        0.7776213744    
    -1.612500000        0.3354542182E-01    0.1555525348        0.1002143190        0.9187218124        0.5195559886E-02    0.2445612668E-20    0.2802870607E-17   -0.4904591016E-20   -0.1039281077E-16     0.000000000        0.6066148240    
    -1.600000000        0.3614494815E-01    0.1555803344        0.1266982660        0.9851297403        0.5644121654E-02    0.8538947978E-20    0.9399256057E-18   -0.5687239297E-20   -0.3240251335E-17     0.000000000        0.6545987053    
    -1.587500000        0.4259651052E-01    0.2056929219        0.1832073799         1.465678199        0.6572539518E-02    0.1244778754E-19   -0.2176606766E-18   -0.6733272146E-20    0.5995352601E-18     0.000000000        0.9518737754    
    -1.575000000        0.3998438776E-01    0.2017285498        0.1634428813         1.309800760        0.6436174284E-02    0.1552429871E-19   -0.1165017906E-17   -0.8142617562E-20    0.5087196634E-17     0.000000000        0.8606963767    
    -1.562500000        0.4386946140E-01    0.1997786402        0.1343431782        0.9510132309        0.6494156643E-02    0.1836812646E-19   -0.3749491366E-18   -0.1007458488E-19    0.1087001412E-16     0.000000000        0.6677493336    
    -1.550000000        0.4585620610E-01    0.1878200839        0.1554354260        0.9377166803        0.7443156171E-02    0.2133074517E-19   -0.1380052969E-18   -0.1279293968E-19    0.4412139122E-17     0.000000000        0.6671357762    
    -1.537500000        0.5793894016E-01    0.2485695197        0.2188115306         1.329007090        0.9234309271E-02    0.2470399692E-19   -0.9180789421E-19   -0.1675741704E-19    0.3613330750E-17     0.000000000        0.9317806948    
    -1.525000000        0.5247283860E-01    0.2584498496        0.2007587651         1.305185040        0.8718574075E-02    0.2883024272E-19   -0.9227967141E-19   -0.2282473047E-19    0.7980659176E-17     0.000000000        0.9127925338    
    -1.512500000        0.5908441860E-01    0.2798396536        0.2090162164         1.201685158        0.8940138088E-02    0.3422682552E-19   -0.1121696767E-18   -0.3273685008E-19    0.9875566386E-17     0.000000000        0.8792827922    
    -1.500000000        0.6287358682E-01    0.2527955158        0.2137963927         1.019917933        0.1116632089E-01    0.4182137616E-19   -0.1487345860E-18   -0.5047335230E-19    0.4243443659E-17     0.000000000        0.7802748746    
    -1.487500000        0.7608621481E-01    0.3084698949        0.2610731182         1.202999104        0.1351540065E-01    0.5353518081E-19   -0.2120831133E-18   -0.8671871888E-19    0.4775302616E-17     0.000000000        0.9310718662    
    -1.475000000        0.7367169133E-01    0.3383853249        0.2389515881         1.144308282        0.1276058693E-01    0.7405187357E-19   -0.3407742079E-18   -0.1776611895E-18    0.1128596786E-16     0.000000000        0.9040387368    
    -1.462500000        0.8101626605E-01    0.3575596448        0.2910075203         1.237467863        0.1471250196E-01    0.1176019486E-18   -0.7066345404E-18   -0.4897893456E-18    0.5605840742E-17     0.000000000        0.9908818981    
    -1.450000000        0.9830127540E-01    0.4229225575        0.3628877174         1.465244504        0.1974180013E-01    0.2429284818E-18   -0.1669357378E-17   -0.1372499108E-17    0.1899262716E-17     0.000000000         1.184548927    
    -1.437500000        0.9647558019E-01    0.4255570461        0.3093217407         1.117829802        0.1912148085E-01    0.6785351552E-18   -0.1021543455E-17   -0.5976760262E-18    0.7426365373E-18     0.000000000        0.9841528252    
    -1.425000000        0.1124794490        0.4795159018        0.3779865859         1.177838590        0.2326118228E-01    0.5413921234E-18   -0.8486555419E-18   -0.2045346328E-18   -0.1878338804E-19     0.000000000         1.085540854    
    -1.412500000        0.1326413981        0.5516220282        0.4482064251         1.248899221        0.3033325327E-01    0.4619084128E-18   -0.1174452232E-17   -0.9593088698E-19   -0.1584048252E-17     0.000000000         1.205851163    
    -1.400000000        0.1441848658        0.6768762317        0.4981898900         1.371514295        0.3243178904E-01    0.8054840745E-18   -0.2180935567E-17   -0.5445863673E-19   -0.4540568151E-17     0.000000000         1.361598536    
    -1.387500000        0.1681582183        0.7789231989        0.6168851018         1.463538377        0.4232677619E-01    0.3690511598E-18   -0.5613778701E-17   -0.3468968338E-19    0.2966133321E-18     0.000000000         1.534915836    
    -1.375000000        0.2011035465         1.013960985        0.7484591497         1.571991748        0.5316509157E-01    0.2721077063E-18   -0.1383867979E-16   -0.2382269119E-19    0.4776428437E-17     0.000000000         1.794340260    
    -1.362500000        0.2240787657         1.239361847        0.8917168628         1.278402124        0.6339989418E-01    0.5128390178E-18   -0.1312814049E-16   -0.1724202490E-19    0.1517628044E-17     0.000000000         1.848479747    
    -1.350000000        0.2759699844         1.847281131         1.258034532         1.502907492        0.9163530995E-01    0.1651869813E-19   -0.8488819625E-17   -0.1297450061E-19   -0.9300656928E-19     0.000000000         2.487914225    
    -1.337500000        0.2746657137         2.412806952         1.487775866         1.337004455        0.1137754404        0.1182308717E-19   -0.2888832400E-17   -0.1006887037E-19   -0.1076177848E-17     0.000000000         2.813014214    
    -1.325000000        0.2560460559         1.855755915         1.256133740         1.174293661        0.1295689325        0.9669267558E-19   -0.1333523763E-17   -0.8027024337E-20   -0.1712604665E-17     0.000000000         2.335899152    
    -1.312500000        0.2543230330         1.406437111         1.050470625         1.301566962        0.1325377377        0.1200267068E-18   -0.7442857252E-18   -0.6579048612E-20   -0.5236040828E-17     0.000000000         2.072667734    
    -1.300000000        0.2747789671         1.265062383        0.9396687473         1.223788348        0.1407790150        0.1447955654E-18   -0.4570996667E-18   -0.5598966445E-20   -0.1026203464E-16     0.000000000         1.922038730    
    -1.287500000        0.3431912734        0.9453278400        0.7587307651        0.9456256446        0.1314731688        0.1787533639E-18   -0.2905808112E-18   -0.5142430710E-20   -0.3056865418E-17     0.000000000         1.562174346    
    -1.275000000        0.5538188171        0.9905896093        0.7868751347         1.086470178        0.1388743341        0.2294352849E-18   -0.1787264080E-18   -0.5874984756E-20   -0.5449397764E-18     0.000000000         1.778314037    
    -1.262500000        0.7224342582        0.8361174363        0.6163770848         1.266446569        0.1203717196        0.3101264720E-18   -0.9053735576E-19   -0.6095985012E-20    0.1247131095E-17     0.000000000         1.780873534    
    -1.250000000        0.7618673201        0.7713705783        0.6531801763         1.317975267        0.1457240923        0.4498867568E-18   -0.4927521540E-20   -0.5010911437E-20    0.5166284736E-17     0.000000000         1.825058717    
    -1.237500000        0.9184824320        0.9168162535        0.7846276617         1.318981645        0.1619442008        0.7240555945E-18    0.1048907983E-18   -0.6418017886E-20    0.3052702595E-17     0.000000000         2.050426097    
    -1.225000000        0.6494623587        0.8810082282        0.6564237155         1.122017894        0.1263344574        0.1377154318E-17    0.3055749043E-18   -0.1363314823E-19    0.2872372156E-17     0.000000000         1.717623327    
    -1.212500000        0.7724341048        0.5707262015        0.4331607823         1.024979652        0.8955018012E-01    0.3486686299E-17    0.8716264050E-18   -0.2386820388E-19    0.3912671925E-17     0.000000000         1.445425460    
    -1.200000000        0.7804022029        0.5531266256        0.4483894978        0.9726187301        0.1077362137        0.1053203740E-16    0.2679757020E-17   -0.1186436999E-19   -0.3125844694E-17     0.000000000         1.431136635    
    -1.187500000        0.8421045603        0.9005680803        0.8177875312         1.260980246        0.2182861390        0.5879319460E-17    0.1584422147E-17   -0.1355703362E-19   -0.1346646624E-17     0.000000000         2.019863278    
    -1.175000000        0.8573512679        0.8911640098        0.7729726446         1.111408411        0.1817089464        0.2240212075E-17    0.7956744211E-18   -0.3528951281E-19    0.2650156053E-17     0.000000000         1.907302640    
    -1.162500000        0.7877288404        0.7250339056        0.5151834772        0.9692944619        0.1109423233        0.1593913720E-17    0.9136343080E-18   -0.3035855805E-19    0.1022051076E-17     0.000000000         1.554091504    
    -1.150000000        0.5411792156        0.4164694072        0.3155412598        0.6602070690        0.7076963424E-01    0.2433531257E-17    0.2038230857E-17   -0.1005815592E-19   -0.6904369432E-17     0.000000000         1.002083293    
    -1.137500000        0.6488652889        0.4681959454        0.3686492169        0.7231373347        0.8253560306E-01    0.5832198044E-17    0.5572308738E-17   -0.4798338208E-20   -0.1103793602E-16     0.000000000         1.145691694    
    -1.125000000         1.035546048        0.7571020793        0.6938585099         1.114307645        0.1712165186        0.2812433435E-17    0.2627866798E-17   -0.3068876490E-20   -0.3585681262E-17     0.000000000         1.886015401    
    -1.112500000        0.8848811476        0.8787858707        0.8184354269         1.115968565        0.2417592894        0.1168981538E-17    0.1031144387E-17   -0.2482731813E-20   -0.1175085432E-17     0.000000000         1.969915150    
    -1.100000000        0.8350954708        0.8177925057        0.6891482474        0.9592695890        0.1949070207        0.7870590942E-18    0.6806489489E-18   -0.2517371829E-20   -0.3613572737E-18     0.000000000         1.748106417    
    -1.087500000        0.5025569263        0.5431092728        0.3649420604        0.5237786018        0.1046021385        0.8261354876E-18    0.7422442058E-18   -0.3209129083E-20    0.1531113722E-18     0.000000000         1.019494500    
    -1.075000000        0.6169297657        0.4225233148        0.3458485524        0.6192095522        0.7367537702E-01    0.1416229825E-17    0.1349350185E-17   -0.5234491405E-20    0.9031339166E-18     0.000000000         1.039093281    
    -1.062500000        0.8879727831        0.5109196630        0.4312203897        0.7494695927        0.8861366344E-01    0.4028230652E-17    0.3974818834E-17   -0.1173431389E-19    0.3141980690E-17     0.000000000         1.334098046    
    -1.050000000        0.9121996746        0.6760882319        0.6004363735        0.7248707842        0.1723862012        0.4253909834E-17    0.4211641823E-17   -0.3622062183E-19    0.6439639460E-17     0.000000000         1.542990633    
    -1.037500000        0.8011474454        0.6927862891        0.6484089612        0.7408162727        0.2080074417        0.1373972460E-17    0.1341340427E-17   -0.2853605847E-19    0.4038475692E-17     0.000000000         1.545583205    
    -1.025000000        0.8290242761        0.7184469239        0.6634343262        0.8768713998        0.2038901448        0.6164316830E-18    0.5925227049E-18   -0.1014600157E-19    0.1319615705E-17     0.000000000         1.645833535    
    -1.012500000        0.7532713445        0.7754802882        0.6417409202        0.7678249048        0.1967806339        0.3576614128E-18    0.3420452781E-18   -0.5771841495E-20    0.6795410047E-18     0.000000000         1.567549046    
    -1.000000000        0.7022360632        0.5646804926        0.4063147725        0.5219044024        0.1171515815        0.2412324410E-18    0.2339263045E-18   -0.4700523632E-20    0.7540762147E-18     0.000000000         1.156143656    
   -0.9875000000        0.7309424977        0.4277487781        0.3667292688        0.4954569759        0.9576904397E-01    0.1792778091E-18    0.1807798563E-18   -0.4752979995E-20    0.2269158511E-17     0.000000000         1.058323282    
   -0.9750000000        0.7074911261        0.5315084357        0.4864558985        0.5788976231        0.1561381614        0.1429347512E-18    0.1543400252E-18   -0.5419673285E-20    0.1467792590E-17     0.000000000         1.230245622    
   -0.9625000000        0.8011555741        0.6519126850        0.5741079543        0.5647420391        0.2100994513        0.1206925661E-18    0.1439323367E-18   -0.6596547582E-20   -0.5652292021E-17     0.000000000         1.401008852    
   -0.9500000000        0.9967264450        0.6677096634        0.5994931653        0.5897679725        0.1950643128        0.1074185814E-18    0.1457166069E-18   -0.8336491738E-20   -0.2735848734E-17     0.000000000         1.524380779    
   -0.9375000000        0.9725579050        0.6452439103        0.6049193759        0.5523738585        0.1803714132        0.1008224006E-18    0.1595745190E-18   -0.1080373729E-19   -0.9776787960E-18     0.000000000         1.477733231    
   -0.9250000000         1.000443573        0.7256046459        0.6728877266        0.6295528301        0.1884206766        0.1002096717E-18    0.1887679628E-18   -0.1429732291E-19   -0.6610006429E-18     0.000000000         1.608454726    
   -0.9125000000        0.7069954455        0.6903343047        0.5555477675        0.6292729163        0.2064692551        0.1061513955E-18    0.2417364399E-18   -0.1933205378E-19   -0.9419064528E-18     0.000000000         1.394309845    
   -0.9000000000        0.7089581395        0.6226555091        0.4749829683        0.4343488807        0.1945971205        0.1207428314E-18    0.3379777619E-18   -0.2681736163E-19   -0.2560307735E-17     0.000000000         1.217771309    
   -0.8875000000        0.8441265233        0.6488995711        0.5962695469        0.4417034066        0.2473094104        0.1486350746E-18    0.5263254622E-18   -0.3845655321E-19   -0.5249925738E-17     0.000000000         1.389154229    
   -0.8750000000        0.8239262030        0.5650144752        0.5339016406        0.4104686917        0.2260624876        0.1997443550E-18    0.9523907312E-18   -0.5771863391E-19   -0.1573959619E-17     0.000000000         1.279686749    
   -0.8625000000         1.020045569        0.5990872130        0.5668463822        0.4214099782        0.2087984958        0.2966317975E-18    0.2184417057E-17   -0.9252544125E-19   -0.1780995235E-18     0.000000000         1.408093819    
   -0.8500000000         1.014910236        0.6705248021        0.6067741108        0.3846180589        0.2162937069        0.4975965662E-18    0.6971898441E-17   -0.1640979235E-18    0.9491914389E-18     0.000000000         1.446560457    
   -0.8375000000         1.073405652        0.6950409828        0.6156122340        0.3771298869        0.2397241938        0.9859414638E-18    0.8990717288E-17   -0.3439966291E-18    0.1810053524E-17     0.000000000         1.500456475    
   -0.8250000000         1.067618289        0.8601524155        0.8174062640        0.4325223049        0.3836607645        0.2527680708E-17    0.2747099970E-17   -0.9598336339E-18    0.2766407779E-17     0.000000000         1.780680019    
   -0.8125000000         1.019448584        0.9322077534        0.8772905728        0.4698186623        0.4207870145        0.8501381259E-17    0.1080568981E-17   -0.2753461723E-17    0.6688070222E-17     0.000000000         1.859776294    
   -0.8000000000         1.000099735        0.8888891815        0.7433122471        0.3495677824        0.4223717285        0.6978985198E-17    0.5268653334E-18   -0.1230949622E-17    0.1330365947E-17     0.000000000         1.702120337    
   -0.7875000000         1.401385831        0.9456325756        0.8150981729        0.4009814088        0.4015512687        0.1826635427E-17    0.2691605218E-18   -0.4051875703E-18    0.6526760988E-18     0.000000000         1.982324629    
   -0.7750000000         1.079295647        0.7968388509        0.7511587816        0.3072798667        0.4702661000        0.2763488862E-18    0.1047315167E-18   -0.1759013202E-18    0.4952668700E-18     0.000000000         1.702419623    
   -0.7625000000         1.012772915        0.7988780279        0.7740585996        0.3025393632        0.5041201415       -0.7083292134E-18   -0.4964690317E-19   -0.8574254178E-19    0.5662643016E-18     0.000000000         1.696184524    
   -0.7500000000        0.9705491805        0.7719699009        0.7517435100        0.2661778339        0.5375231014       -0.2302616448E-17   -0.2794687966E-18   -0.3890079966E-19    0.1018855870E-17     0.000000000         1.648981763    
   -0.7375000000        0.9885926537        0.6605409620        0.6356038623        0.3017735033        0.4971563883       -0.7338400084E-17   -0.8241260206E-18   -0.7669673149E-20    0.2935987190E-17     0.000000000         1.541833685    
   -0.7250000000         1.328795769        0.8386476898        0.7859823836        0.3720180721        0.5282063816       -0.1566477274E-16   -0.2806896281E-17    0.1952664386E-19    0.5087288374E-17     0.000000000         1.926825148    
   -0.7125000000         1.802542444         1.203860013         1.117287443        0.4791441269        0.6007829279       -0.1300025287E-16   -0.4967440393E-17    0.5095897205E-19    0.1580572104E-17     0.000000000         2.601808477    
   -0.7000000000         1.512329710         1.089241145         1.041102350        0.6249575080        0.7099900033       -0.3899754660E-17   -0.1486219111E-17    0.9849714723E-19    0.5106569323E-18     0.000000000         2.488810358    
   -0.6875000000         1.222497078         1.000260206        0.9300628980        0.4372825369        0.7111193528       -0.8339673858E-18   -0.4166264174E-18    0.1910399238E-18    0.7106558891E-19     0.000000000         2.150611036    
   -0.6750000000         1.353355882         1.126596304        0.9467128180        0.4263787173        0.6340909792        0.1447990563E-17    0.1016863976E-18    0.4300463819E-18   -0.4304982713E-18     0.000000000         2.243567350    
   -0.6625000000         1.428715968         1.115561506         1.026893708        0.4595918115        0.7861922620        0.7406056575E-17    0.1052176216E-17    0.1302847675E-17   -0.1918282072E-17     0.000000000         2.408477628    
   -0.6500000000         1.532825982         1.123016943         1.090650939        0.5513771335        0.8486345192        0.6972579361E-17    0.2493857150E-17    0.2717413705E-17   -0.1851086992E-17     0.000000000         2.573252758    
   -0.6375000000         1.449703346         1.025900980         1.008155860        0.4234283316        0.7421124623        0.1202931723E-17    0.6885717764E-18    0.9163622050E-18   -0.5319661043E-18     0.000000000         2.324650490    
   -0.6250000000         1.642753607         1.128448913         1.115117627        0.4909519178        0.7516311658       -0.1783391151E-17    0.9117202299E-20    0.3233344313E-18   -0.1990654541E-18     0.000000000         2.564451615    
   -0.6125000000         2.052379463         1.247336929         1.233394031        0.5804073893        0.8145338785       -0.8873397583E-17   -0.4369422212E-18    0.1154951050E-18   -0.8452710275E-19     0.000000000         2.964025845    
   -0.6000000000         3.107052757         1.543526769         1.519800189        0.7468437899        0.9296105066       -0.1063867884E-16   -0.1408915779E-17   -0.5650792229E-19   -0.1703264794E-19     0.000000000         3.923417005    
   -0.5875000000         3.276477266         1.155708316         1.086027437        0.4893392838        0.7359841617        0.5807013663E-17   -0.4751964052E-17    0.2883393684E-19    0.7864501918E-19     0.000000000         3.371768232    
   -0.5750000000         3.772933158        0.9938467162        0.9419647118        0.4875182914        0.6959434088        0.1489889607E-16   -0.3131318605E-17    0.1518162306E-18    0.3430012193E-18     0.000000000         3.446103143    
   -0.5625000000         3.940922528        0.9439951787        0.9026484634        0.5840490194        0.7949215849        0.6472969406E-17   -0.9681305101E-18    0.5060984542E-18    0.1107659358E-17     0.000000000         3.583268387    
   -0.5500000000         3.106475107        0.9382830738        0.8160444946        0.4264564277         1.116552591        0.8794813556E-17   -0.4056801603E-18    0.5955469719E-18    0.6116773537E-18     0.000000000         3.201905847    
   -0.5375000000         2.433924098         1.164011930         1.065115024        0.4291747333         1.774180530        0.8964496610E-17   -0.2047172900E-18    0.2930575937E-18    0.2990884486E-19     0.000000000         3.433203157    
   -0.5250000000         2.384381500         1.192731645         1.190135273        0.4822859561         2.190074741        0.2711833263E-17   -0.1117899470E-18   -0.5549049328E-18   -0.6652559977E-18     0.000000000         3.719804558    
   -0.5125000000         2.397285345         1.215416388         1.297017191        0.4713516017         2.566308230        0.9256921381E-18   -0.6034125752E-19   -0.2216238815E-17   -0.2295582212E-17     0.000000000         3.973689377    
   -0.5000000000         2.695307205         1.473541429         1.652868102        0.4514635087         3.904063636        0.1339473307E-18   -0.2740699969E-19   -0.5393810351E-17   -0.5468310792E-17     0.000000000         5.088621940    
   -0.4875000000         3.094125974         1.694375251         1.841689484        0.5083023669         4.332226358       -0.6010644543E-18   -0.3249651669E-20   -0.1885131887E-17   -0.1955761554E-17     0.000000000         5.735359717    
   -0.4750000000         3.190427512         1.780846516         1.838394362        0.5297222161         4.289701323       -0.2118025155E-17    0.1713267463E-19   -0.6191647592E-18   -0.6638207816E-18     0.000000000         5.814545965    
   -0.4625000000         2.656431765         1.491550686         1.516198686        0.3838136365         3.961200466       -0.7518003276E-17    0.3701408218E-19   -0.2444091712E-18   -0.1470694596E-18     0.000000000         5.004597619    
   -0.4500000000         2.508994928         1.082920374         1.075792331        0.3147793810         2.751882358       -0.8207810953E-17    0.5938699988E-19   -0.8384705975E-19   -0.1042281473E-20     0.000000000         3.867184686    
   -0.4375000000         2.444195526         1.117866358         1.108080808        0.3982633613         2.208148832       -0.2525243493E-17    0.8817306417E-19    0.1163457346E-19   -0.1353170224E-18     0.000000000         3.638277443    
   -0.4250000000         2.137441274         1.177330138         1.142264387        0.4984815462         2.088483017       -0.1098858956E-17    0.1301888617E-18    0.9122213232E-19   -0.1816598749E-18     0.000000000         3.522000181    
   -0.4125000000         2.023163750         1.185967622         1.075035135        0.3001123153         2.261235928       -0.6838819192E-18    0.1999754626E-18    0.1850885784E-18   -0.2403051876E-18     0.000000000         3.422757375    
   -0.4000000000         2.118314658         1.250443277         1.203429116        0.2753785678         2.220076587       -0.5877632862E-18    0.3350298353E-18    0.3375881822E-18   -0.3640484752E-18     0.000000000         3.533821103    
   -0.3875000000         2.072279884         1.159933193         1.147042589        0.3198803772         2.201117404       -0.6889584871E-18    0.6574702078E-18    0.6743390014E-18   -0.6770029447E-18     0.000000000         3.450126724    
   -0.3750000000         2.402618656         1.237029243         1.233839848        0.4275020575         2.040619633       -0.1087881574E-17    0.1707964105E-17    0.1738129956E-17   -0.1719775757E-17     0.000000000         3.670804719    
   -0.3625000000         2.299970527         1.015286358         1.024487751        0.3484220977         1.495847379       -0.2382241059E-17    0.5217565293E-17    0.5261637295E-17   -0.5223140669E-17     0.000000000         3.092007056    
   -0.3500000000         2.402577900         1.028241998         1.043486921        0.2815709247         1.452838682       -0.7512287091E-17    0.2829650131E-17    0.2889894138E-17   -0.2830361383E-17     0.000000000         3.104358213    
   -0.3375000000         2.261992336         1.013690748        0.9941186055        0.2557815519         1.216423523       -0.8574321259E-17    0.9491603588E-18    0.1030070270E-17   -0.9466389116E-18     0.000000000         2.871003383    
   -0.3250000000         2.432806426         1.237719486         1.237013654        0.3195232907         1.658444035       -0.2703056912E-17    0.4484022382E-18    0.5581669050E-18   -0.4453189795E-18     0.000000000         3.442753446    
   -0.3125000000         2.123803593         1.431913441         1.434760544        0.3706356252         1.684916747       -0.1254688998E-17    0.2603812133E-18    0.4143926070E-18   -0.2624068438E-18     0.000000000         3.523014975    
   -0.3000000000         1.789744107         1.315961023         1.314075415        0.3419986723         1.162632380       -0.1025823503E-17    0.1585354324E-18    0.3886464051E-18   -0.1802301101E-18     0.000000000         2.962205799    
   -0.2875000000         1.771406438         1.390610616         1.359610623        0.3799730308         1.567703082       -0.1859085131E-17    0.5449646682E-19    0.4385365229E-18   -0.1410043136E-18     0.000000000         3.234651895    
   -0.2750000000         1.993617027         1.476823109         1.359851967        0.3547780334         1.455478886       -0.6283676689E-17   -0.2039054247E-18    0.5825989989E-18   -0.1273710367E-18     0.000000000         3.320274511    
   -0.2625000000         2.199736012         1.849721180         1.818750336        0.4805821390         1.216977321        0.1268522258E-18   -0.1295972095E-17    0.9216540643E-18   -0.1400356500E-18     0.000000000         3.782883494    
   -0.2500000000         2.298007309         1.640993237         1.677924428        0.4065938570         1.259879648        0.6481732605E-17   -0.9902044242E-18    0.1843149953E-17   -0.2067529649E-18     0.000000000         3.641699240    
   -0.2375000000         2.165825936         1.806627189         1.985061378        0.4772736044         1.268028524        0.2241538327E-17    0.2638688601E-17    0.5193875010E-17   -0.4714011544E-18     0.000000000         3.851408316    
   -0.2250000000         2.692934481         2.249384725         2.792376051        0.6878980318         1.202202276        0.1965504892E-17    0.5048123577E-17    0.1208630817E-16   -0.1330116026E-17     0.000000000         4.812397783    
   -0.2125000000         3.051121985         1.986211583         2.648954627        0.5303576085        0.9728817508        0.4132000578E-17    0.1873198670E-17    0.2272100363E-17   -0.5719098418E-18     0.000000000         4.594763777    
   -0.2000000000         3.678061467         1.497974662         2.015304362        0.3504636169        0.7295772716        0.1094024970E-16    0.1465275106E-17   -0.5726210255E-18    0.9957563825E-19     0.000000000         4.135690690    
   -0.1875000000         2.841801185         1.346387609         1.786404296        0.3467963114        0.9335327992        0.4657176964E-17    0.1094190152E-17    0.6409456687E-17    0.5172931874E-18     0.000000000         3.627461100    
   -0.1750000000         1.770802861         1.334153782         1.819671309        0.4262658785        0.9724537504        0.1569375204E-17    0.9910013164E-18   -0.6360851350E-17    0.1249544132E-18     0.000000000         3.161673790    
   -0.1625000000        0.7355349904        0.9907353889         1.336029698        0.2997012817         1.097265350        0.7317937999E-18    0.5374090959E-18   -0.3711657941E-17    0.1471866403E-19     0.000000000         2.229633354    
   -0.1500000000        0.3966373532        0.7845862582         1.070138731        0.2374522386        0.9196331851        0.4192866252E-18    0.4884897404E-18    0.1137306589E-17   -0.1424956940E-19     0.000000000         1.704223883    
   -0.1375000000        0.2582198590        0.6728020258         1.072001664        0.2417010278        0.6993799679        0.2648969568E-18    0.6769179762E-18    0.5554137372E-17   -0.2502614172E-19     0.000000000         1.472052272    
   -0.1250000000        0.1901747278        0.5978652767         1.149540235        0.2501812159        0.7152577527        0.1677502553E-18    0.1394738773E-17    0.1233566385E-18   -0.3134017143E-19     0.000000000         1.451509604    
   -0.1125000000        0.1583068140        0.7583379644         1.359719746        0.2295905531        0.9949379642        0.1261355951E-18    0.4252639971E-17    0.1236660497E-16   -0.3868636625E-19     0.000000000         1.750446521    
   -0.1000000000        0.1347586442         1.086121562         1.884852130        0.1688288760         1.156299760        0.9746016542E-19    0.3949796437E-17    0.1771586898E-16   -0.5026743005E-19     0.000000000         2.215430486    
   -0.8750000000E-01    0.1030585069        0.9150865621         1.481107957        0.1961384100         1.029500062        0.7692234548E-19    0.1301573209E-17    0.6324660769E-17   -0.5060744648E-19     0.000000000         1.862445749    
   -0.7500000000E-01    0.8712258490E-01    0.9464633405         1.409223310        0.2085909889        0.9412707607        0.6235512149E-19    0.6336001951E-18    0.2560208388E-17   -0.5868362231E-19     0.000000000         1.796335492    
   -0.6250000000E-01    0.7650476765E-01    0.8519662554         1.184031704        0.1887388045         1.141374976        0.5231894403E-19    0.4320149436E-18    0.1491919755E-17   -0.7520927059E-19     0.000000000         1.721308254    
   -0.5000000000E-01    0.7125221263E-01    0.9059649245         1.175961571        0.1617134926         1.177275754        0.4612755590E-19    0.3871732748E-18    0.1175080251E-17   -0.1052065100E-18     0.000000000         1.746083978    
   -0.3750000000E-01    0.6224102778E-01    0.7089365234        0.8087417194        0.9611493698E-01     1.063517584        0.4442245351E-19    0.4509613046E-18    0.1259838165E-17   -0.1647693799E-18     0.000000000         1.369775896    
   -0.2500000000E-01    0.5616380013E-01    0.7251496564        0.7086436291        0.1267511921         1.051371174        0.5171598688E-19    0.7001752807E-18    0.1937629665E-17   -0.3056717762E-18     0.000000000         1.334039726    
   -0.1250000000E-01    0.5393895492E-01    0.8399337772        0.9869180568        0.1633690378         1.216070390        0.9142471747E-19    0.1565754135E-17    0.4684404304E-17   -0.7488153196E-18     0.000000000         1.630115108    
     0.000000000        0.4830250849E-01    0.8170708389         1.074090901        0.1942013041         1.232663917        0.1939326147E-18    0.4813821516E-17    0.1144778170E-16   -0.2379806339E-17     0.000000000         1.683164735    
    0.1250000000E-01    0.4146514995E-01    0.4937654754        0.6088625633        0.1032578963         1.134742101        0.8549315060E-19    0.3351797466E-17    0.4728468336E-17   -0.1653691968E-17     0.000000000         1.191046593    
    0.2500000000E-01    0.3767115382E-01    0.3768280497        0.4502255382        0.6577315308E-01     1.135905893        0.3952718150E-19    0.1111353857E-17    0.2077782022E-17   -0.5371004250E-18     0.000000000         1.033201894    
    0.3750000000E-01    0.3544813708E-01    0.4110812215        0.4997092685        0.8417206529E-01     1.024612337        0.2528507392E-19    0.5293774332E-18    0.1681912961E-17   -0.2490398613E-18     0.000000000         1.027511515    
    0.5000000000E-01    0.3565845027E-01    0.7614992924        0.9498710291        0.1247969716         1.550156196        0.1889607417E-19    0.3255313188E-18    0.2619709374E-17   -0.1498995285E-18     0.000000000         1.710990970    
    0.6250000000E-01    0.3451949937E-01    0.7512404841        0.9173769535        0.1209169524         1.543194023        0.1523731638E-19    0.2376718312E-18    0.7467135132E-17   -0.1094484606E-18     0.000000000         1.683623956    
    0.7500000000E-01    0.3105553995E-01    0.5270875003        0.6222638834        0.9560273199E-01     1.582601697        0.1279950227E-19    0.1984896811E-18    0.8502561120E-17   -0.9582169447E-19     0.000000000         1.429305677    
    0.8750000000E-01    0.2764758857E-01    0.5768462689        0.4683115797        0.6259144222E-01     1.223582034        0.1100553259E-19    0.1871068524E-18    0.2268135291E-17   -0.1033872354E-18     0.000000000         1.179489457    
    0.1000000000        0.2595740470E-01    0.4446531710        0.4387409222        0.7391107478E-01    0.9206212419        0.9583625650E-20    0.1991049659E-18    0.2051410196E-18   -0.1458670842E-18     0.000000000        0.9519419073    
    0.1125000000        0.2472109169E-01    0.4249418430        0.4936835203        0.6424570073E-01    0.6579615967        0.8373624931E-20    0.2415567290E-18   -0.1659717818E-17   -0.2954168203E-18     0.000000000        0.8327768762    
    0.1250000000        0.2494223408E-01    0.5952507950        0.8340332619        0.8678293766E-01    0.5872665997        0.7240821766E-20    0.3415371398E-18   -0.6991043779E-17   -0.9101878101E-18     0.000000000         1.064137914    
    0.1375000000        0.2390793170E-01    0.5706050415        0.7878730406        0.7259146949E-01    0.6324181738        0.5986901055E-20    0.5888196003E-18   -0.8412910975E-17   -0.1034757206E-17     0.000000000         1.043697829    
    0.1500000000        0.2166590470E-01    0.3790190296        0.4161404496        0.4486094917E-01    0.4247124745        0.4086765456E-20    0.1358653354E-17   -0.2393603366E-17   -0.1881493615E-18     0.000000000        0.6431994038    
    0.1625000000        0.2074907798E-01    0.5046636956        0.4159432227        0.4015300615E-01    0.3268938271       -0.6823037565E-21    0.4324096913E-17   -0.7893308491E-19    0.3805097568E-18     0.000000000        0.6542014147    
    0.1750000000        0.2019428858E-01    0.3948472770        0.5117981553        0.4234422233E-01    0.3230668495       -0.1494770344E-19    0.3733033037E-17   -0.7254090769E-17    0.3727488535E-18     0.000000000        0.6461253964    
    0.1875000000        0.1939588129E-01    0.3177886352        0.4054423903        0.4829594729E-01    0.4141498530       -0.5382712247E-20    0.1178345178E-17   -0.4503017024E-17    0.8271480282E-19     0.000000000        0.6025363536    
    0.2000000000        0.1870377283E-01    0.2840689188        0.3320911521        0.4891311632E-01    0.4522260564        0.1355440280E-20    0.5182727632E-18   -0.1430561768E-17    0.1573988100E-19     0.000000000        0.5680015082    
    0.2125000000        0.1885388679E-01    0.2501740743        0.3241967691        0.3646806568E-01    0.4015169193        0.2937384872E-20    0.2901283584E-18   -0.6306885437E-18   -0.3523391060E-20     0.000000000        0.5156048576    
    0.2250000000        0.1855162452E-01    0.2464324033        0.3886873027        0.3324797713E-01    0.4896008225        0.3355169654E-20    0.1874795140E-18   -0.3404313809E-18   -0.1038750313E-19     0.000000000        0.5882600651    
    0.2375000000        0.1884708324E-01    0.2764842911        0.3272874462        0.3937499492E-01    0.7471152259        0.3426008382E-20    0.1328066982E-18   -0.2063607540E-18   -0.1315919055E-19     0.000000000        0.7045545207    
    0.2500000000        0.1989534160E-01    0.2500338744        0.2628574043        0.5874728314E-01     1.149751144        0.3370580948E-20    0.1001887290E-18   -0.1343646434E-18   -0.1436639277E-19     0.000000000        0.8706425236    
    0.2625000000        0.1988092825E-01    0.3303252815        0.3418699022        0.7360322758E-01    0.8630799377        0.3264853844E-20    0.7909216816E-19   -0.9168574615E-19   -0.1492774306E-19     0.000000000        0.8143796386    
    0.2750000000        0.1929207911E-01    0.3444628987        0.3559964946        0.6487817315E-01    0.6135074319        0.3139431913E-20    0.6460221933E-19   -0.6459152560E-19   -0.1522042685E-19     0.000000000        0.6990685388    
    0.2875000000        0.1818884299E-01    0.2597063396        0.2719484671        0.5862616534E-01    0.4585404018        0.3007903218E-20    0.5417863116E-19   -0.4651482767E-19   -0.1541333328E-19     0.000000000        0.5335051084    
    0.3000000000        0.1673068305E-01    0.1989736339        0.2145117334        0.5957296593E-01    0.4103587716        0.2876611071E-20    0.4640097472E-19   -0.3399617709E-19   -0.1558704455E-19     0.000000000        0.4500738940    
    0.3125000000        0.1725993613E-01    0.1659303842        0.1920615037        0.3841447868E-01    0.2785224468        0.2748521481E-20    0.4042386188E-19   -0.2507423048E-19   -0.1578196198E-19     0.000000000        0.3460943747    
    0.3250000000        0.1905838433E-01    0.2185564233        0.2855314340        0.3762727365E-01    0.3210658673        0.2624919844E-20    0.3571798384E-19   -0.1857129161E-19   -0.1601927527E-19     0.000000000        0.4409196913    
    0.3375000000        0.1708153013E-01    0.1832516319        0.3208259096        0.3484521047E-01    0.3162831925        0.2506215671E-20    0.3193770656E-19   -0.1374696858E-19   -0.1631071115E-19     0.000000000        0.4361437373    
    0.3500000000        0.1802165102E-01    0.2861651494        0.3360576136        0.4992082765E-01    0.4086435199        0.2392347403E-20    0.2884918999E-19   -0.1011802896E-19   -0.1666330232E-19     0.000000000        0.5494043808    
    0.3625000000        0.2026604700E-01    0.3360282210        0.3570157915        0.9034565785E-01    0.5469978405        0.2282994947E-20    0.2628935349E-19   -0.7359152883E-20   -0.1708181162E-19     0.000000000        0.6753267789    
    0.3750000000        0.2096937344E-01    0.2457852173        0.2582948083        0.6898971114E-01    0.4475450455        0.2177694348E-20    0.2414142591E-19   -0.5245583995E-20   -0.1756999288E-19     0.000000000        0.5207920778    
    0.3875000000        0.2926292469E-01    0.3606688790        0.3699335899        0.1024525640        0.7549599918        0.2075900252E-20    0.2231982789E-19   -0.3618637653E-20   -0.1813124226E-19     0.000000000        0.8086389747    
    0.4000000000        0.2859388971E-01    0.2875736880        0.2954872338        0.1177049971        0.8641657268        0.1977019390E-20    0.2076051516E-19   -0.2364243151E-20   -0.1876890447E-19     0.000000000        0.7967627677    
    0.4125000000        0.2182308769E-01    0.1956924603        0.2029974313        0.9932622240E-01    0.6998404853        0.1880427377E-20    0.1941462715E-19   -0.1399209710E-20   -0.1948635465E-19     0.000000000        0.6098398435    
    0.4250000000        0.2104455487E-01    0.1528503249        0.1584640738        0.6450973678E-01    0.7075985918        0.1785475651E-20    0.1824419461E-19   -0.6622291287E-21   -0.2028689585E-19     0.000000000        0.5522336411    
    0.4375000000        0.2359190746E-01    0.2045776417        0.2097739629        0.5819271108E-01    0.5949706852        0.1691492393E-20    0.1721916079E-19   -0.1078781147E-21   -0.2117345560E-19     0.000000000        0.5455534541    
    0.4500000000        0.2840165470E-01    0.3056693063        0.3427904777        0.8595548247E-01    0.5458053298        0.1597779774E-20    0.1631525437E-19    0.2974160783E-21   -0.2214800887E-19     0.000000000        0.6543111255    
    0.4625000000        0.2466481945E-01    0.2971261966        0.4218587855        0.1091437955        0.5640313743        0.1503609048E-20    0.1551241826E-19    0.5780741050E-21   -0.2321058174E-19     0.000000000        0.7084124857    
    0.4750000000        0.2974981925E-01    0.3418468306        0.4256930336        0.8599409076E-01    0.5015066861        0.1408214723E-20    0.1479359415E-19    0.7511036362E-21   -0.2435757311E-19     0.000000000        0.6923952302    
    0.4875000000        0.2580088472E-01    0.2465212177        0.2751031208        0.6476041669E-01    0.3487569683        0.1310789063E-20    0.1414371743E-19    0.8270899266E-21   -0.2557893053E-19     0.000000000        0.4804713041    
    0.5000000000        0.2541395200E-01    0.1689764366        0.1833008576        0.7096694670E-01    0.3017331551        0.1210478671E-20    0.1354880207E-19    0.8105238860E-21   -0.2685335115E-19     0.000000000        0.3751956740    
    0.5125000000        0.3976953315E-01    0.2876327184        0.2970408262        0.1343494924        0.5777103961        0.1106385864E-20    0.1299499507E-19    0.6994378492E-21   -0.2813999200E-19     0.000000000        0.6682514831    
    0.5250000000        0.4800511269E-01    0.3789776793        0.3863739521        0.1724558446        0.7413153058        0.9975794652E-21    0.1246745054E-19    0.4841801729E-21   -0.2936383348E-19     0.000000000        0.8635639472    
    0.5375000000        0.3461559507E-01    0.2026938267        0.2093563716        0.1220486461        0.4963937367        0.8831230129E-21    0.1194879874E-19    0.1449519356E-21   -0.3038911840E-19     0.000000000        0.5325540881    
    0.5500000000        0.4013927607E-01    0.2437763863        0.2505407681        0.1615989342        0.6620136642        0.7621345008E-21    0.1141682440E-19   -0.3526292893E-21   -0.3096950931E-19     0.000000000        0.6790345144    
    0.5625000000        0.4013455861E-01    0.2746750047        0.2824405800        0.1531859089        0.5647270978        0.6339029161E-21    0.1084063160E-19   -0.1065348451E-20   -0.3065067160E-19     0.000000000        0.6575815750    
    0.5750000000        0.4891871402E-01    0.3202440148        0.3305667076        0.1479129280        0.6053248816        0.4981074893E-21    0.1017383626E-19   -0.2086361177E-20   -0.2857021230E-19     0.000000000        0.7264836231    
    0.5875000000        0.4966047720E-01    0.2507064427        0.2674850552        0.1154470521        0.6605157999        0.3552248118E-21    0.9341626537E-20   -0.3570973712E-20   -0.2302112766E-19     0.000000000        0.6719074136    
    0.6000000000        0.4892902149E-01    0.2210829519        0.2582503389        0.1122318016        0.5498547315        0.2072855986E-21    0.8214287923E-20   -0.5786497932E-20   -0.1042465619E-19     0.000000000        0.5951744227    
    0.6125000000        0.4863566691E-01    0.2391341228        0.3552830792        0.1336404522        0.6207476112        0.5929751380E-22    0.6548151569E-20   -0.9214672141E-20    0.1732834657E-19     0.000000000        0.6987204661    
    0.6250000000        0.4967286368E-01    0.3072509271        0.3923966663        0.2309820410        0.6804407548       -0.7802509873E-22    0.3838986945E-20   -0.1477886199E-19    0.8066646175E-19     0.000000000        0.8303716265    
    0.6375000000        0.5460308426E-01    0.3066108414        0.3360249010        0.2594273352        0.6296585115       -0.1828713919E-21   -0.1096215199E-20   -0.2440027990E-19    0.2392763844E-18     0.000000000        0.7931623366    
    0.6500000000        0.7171325183E-01    0.3551721577        0.3708348475        0.2622536971        0.6010970908       -0.2112799248E-21   -0.1155787666E-19   -0.4254853425E-19    0.7090641082E-18     0.000000000        0.8305355225    
    0.6625000000        0.9901205449E-01    0.4744272204        0.4867848085        0.3807407374        0.7835242460       -0.7333339485E-22   -0.3935837777E-19   -0.8140018176E-19    0.2529393330E-17     0.000000000         1.112244533    
    0.6750000000        0.8087261049E-01    0.3607940101        0.3757248716        0.6146852625        0.7112200900        0.4214092510E-21   -0.1413336238E-18   -0.1827796398E-18    0.8707540569E-17     0.000000000         1.071648422    
    0.6875000000        0.6904774418E-01    0.2343831767        0.2507884713        0.6305277384        0.4030762648        0.1699485205E-20   -0.3266766554E-18   -0.5408356268E-18    0.4915042309E-18     0.000000000        0.7939116977    
    0.7000000000        0.8011936496E-01    0.2447883475        0.2705139579        0.7367759898        0.3893092772        0.4797952992E-20   -0.1043994565E-18   -0.1418918691E-17   -0.1034949958E-16     0.000000000        0.8607534687    
    0.7125000000        0.8649657048E-01    0.2566942576        0.2780436963        0.8402073124        0.4624050560        0.1255738203E-19   -0.2884979715E-19   -0.6984984766E-18   -0.5970202238E-17     0.000000000        0.9619234464    
    0.7250000000        0.1382359691        0.4118317500        0.4470610746         1.067820832        0.8929761973        0.3425861930E-19   -0.6187169972E-20   -0.9210341404E-18   -0.9038598462E-17     0.000000000         1.478962911    
    0.7375000000        0.1406832996        0.3910637963        0.4226494193         1.109523359        0.7433165797        0.1091943089E-18    0.3373448236E-20   -0.4581152119E-18   -0.8228836562E-17     0.000000000         1.403618227    
    0.7500000000        0.1309326702        0.3839155757        0.4258029466         1.079030448        0.7193680272        0.4263426708E-18    0.8568918522E-20    0.1617229876E-17   -0.2312534682E-17     0.000000000         1.369524834    
    0.7625000000        0.1509431973        0.4393445310        0.4897865886         1.456483940        0.8269893268        0.4097206002E-18    0.1202705400E-19    0.1878941569E-17   -0.2223692698E-18     0.000000000         1.681773792    
    0.7750000000        0.1604859483        0.4095432519        0.4964611463         1.211505523        0.7295577376       -0.2761670098E-19    0.1477088983E-19    0.3937533274E-18    0.2434091836E-17     0.000000000         1.503776804    
    0.7875000000        0.2558166685        0.6295324717        0.8284898258         1.747230488        0.8024845917       -0.3618268868E-18    0.1730692973E-19   -0.3937318245E-18    0.9429216430E-17     0.000000000         2.131777023    
    0.8000000000        0.2625601820        0.5906655361        0.6966211775         1.722628928        0.7159966923       -0.1262970493E-17    0.1997439531E-19    0.1806882418E-17    0.3064185209E-17     0.000000000         1.994236258    
    0.8125000000        0.3634893100        0.6021869126        0.6657973271         2.133228838        0.7365105567       -0.1337913356E-17    0.2310880567E-19    0.1759804414E-17   -0.2917748254E-17     0.000000000         2.250606472    
    0.8250000000        0.4728134022        0.7036713500        0.7633222890         2.531433272        0.8066416351       -0.1627949586E-17    0.2719476149E-19    0.8429438919E-18   -0.1110904318E-16     0.000000000         2.638940974    
    0.8375000000        0.4910040820        0.6536699892        0.6984744069         2.427731875        0.8518592031       -0.6931640873E-18    0.3316200276E-19    0.1163879328E-17   -0.5748508022E-17     0.000000000         2.561369778    
    0.8500000000        0.6019723353        0.7608606691        0.8039872387         2.346898498         1.110940423       -0.1905609308E-18    0.4325221308E-19    0.3099682620E-17   -0.4392458495E-17     0.000000000         2.812329582    
    0.8625000000        0.9100476920        0.5937093780        0.6336117758         1.976514700        0.9303037495       -0.3596903616E-18    0.6439412428E-19    0.2854487890E-17   -0.7408996224E-17     0.000000000         2.522093648    
    0.8750000000         1.170131941        0.4196542708        0.4556237314         2.183114254        0.7518744098       -0.8280556214E-18    0.1259664133E-18    0.1756445274E-17   -0.5877533376E-17     0.000000000         2.490199303    
    0.8875000000         1.355695936        0.4611619515        0.4941056322         2.519587174        0.6817956455       -0.2196713584E-17    0.3397036784E-18    0.2308916074E-18   -0.2667158402E-16     0.000000000         2.756173170    
    0.9000000000         1.571867257        0.5175026877        0.5378875343         2.542652551        0.9356769500        0.3527946613E-18    0.2386149548E-18   -0.1865328990E-17   -0.1702506267E-16     0.000000000         3.052793490    
    0.9125000000         1.383350105        0.5171673779        0.5165596753         2.224566551         1.136591033        0.1013029750E-17    0.1146779242E-18   -0.2514170928E-17    0.9259461821E-18     0.000000000         2.889117371    
    0.9250000000         1.454987598        0.5260336741        0.5236578707         2.239977442         1.244394352        0.5312109157E-17    0.9486575792E-19   -0.2414543744E-17    0.5894622234E-17     0.000000000         2.994525468    
    0.9375000000         1.280231199        0.5190778243        0.5243599111         2.015556092        0.9829526801        0.2487162454E-17    0.1084558266E-18   -0.8110299423E-18    0.9475280252E-18     0.000000000         2.661088853    
    0.9500000000         1.084530832        0.5424367508        0.5558741526         1.586960074        0.9760292600        0.1590900139E-17    0.1545863339E-18   -0.4416663232E-18   -0.2872414714E-18     0.000000000         2.372915535    
    0.9625000000         1.072247173        0.5281466040        0.5617180420         1.331005782         1.218931523        0.3347688987E-17    0.2775446927E-18   -0.4458278117E-18   -0.1006052585E-17     0.000000000         2.356024562    
    0.9750000000         1.322249491        0.8494207647        0.9719056902         1.533522511         1.595758246        0.4692765876E-17    0.6887623196E-18   -0.8354909605E-18   -0.2713701695E-17     0.000000000         3.136428352    
    0.9875000000         1.235127141        0.8366934381        0.9055637350         1.373642421         1.618621459        0.1154887389E-17    0.2249800333E-17   -0.2446080303E-17   -0.9028772532E-17     0.000000000         2.984824097    
     1.000000000         1.099539242        0.7045499258        0.7085935049         1.237366734         1.602095784       -0.2198310596E-18    0.1325160042E-17   -0.1712374823E-17   -0.5598067930E-17     0.000000000         2.676072596    
     1.012500000         1.212739837        0.7050807865        0.6893755421         1.212661059         1.942857151       -0.2046246062E-17   -0.5139238499E-18   -0.6093874527E-18    0.5027925642E-18     0.000000000         2.881357188    
     1.025000000         1.396795316        0.6379142431        0.6061143568         1.125279291         1.860697602       -0.5488271989E-17   -0.2396630669E-17   -0.3587516419E-18    0.5175303428E-17     0.000000000         2.813400405    
     1.037500000         1.312667813        0.5868719002        0.5540861497         1.106926759         2.121153686       -0.2182723326E-17   -0.7004563416E-18   -0.3564099443E-18    0.2651664374E-17     0.000000000         2.840853154    
     1.050000000         1.457299344        0.7370407172        0.7192202986        0.9915799060         2.496928630       -0.1128996567E-17    0.3595485585E-19   -0.6154334364E-18    0.3002036702E-17     0.000000000         3.201034448    
     1.062500000         1.512320808        0.8368630225        0.8124675009         1.014382554         2.694685950       -0.1406293504E-17    0.5318659171E-18   -0.1802294892E-17    0.8235115565E-17     0.000000000         3.435359918    
     1.075000000         1.209650734        0.7305614516        0.6731769137        0.9999509750         2.636816009       -0.3682258274E-17    0.1818922148E-17   -0.2203461973E-17    0.1225491675E-16     0.000000000         3.125078042    
     1.087500000         1.209490924        0.6657581054        0.6029413148         1.057271914         2.832885776       -0.4723253725E-17    0.2431649466E-17   -0.6308128966E-18    0.7112923887E-17     0.000000000         3.184174017    
     1.100000000         1.038370471        0.6579984447        0.6138939387        0.9717613261         2.906010120       -0.1659136238E-17    0.9873202202E-18   -0.1690731025E-18    0.2289670609E-17     0.000000000         3.094017150    
     1.112500000        0.9481112988        0.6990510944        0.6505868951        0.9070398752         3.715578528       -0.1047913222E-17    0.8068125131E-18    0.6666559783E-19    0.7637682524E-18     0.000000000         3.460183846    
     1.125000000        0.9766641118        0.7050503313        0.6827387435         1.012933868         3.752264060       -0.1525367906E-17    0.1296439861E-17    0.3573574715E-18   -0.2975916875E-18     0.000000000         3.564825557    
     1.137500000         1.006475015        0.8080393553        0.7748008559         1.120168453         3.729778334       -0.4357480177E-17    0.3423907702E-17    0.1083639471E-17   -0.2852994227E-17     0.000000000         3.719631007    
     1.150000000         1.183412125        0.8155322672        0.7961976140         1.417376880         2.879697281       -0.3555939814E-17    0.5749035317E-17    0.3816948636E-17    0.3564790442E-18     0.000000000         3.546108084    
     1.162500000         1.035426202        0.8206309525        0.8385017127         1.191943579         1.944340344       -0.8545037666E-18    0.4473899679E-17    0.3910012582E-17    0.2784863501E-17     0.000000000         2.915421395    
     1.175000000        0.9001224686        0.6501261364        0.7400839321         1.006711084         1.268696677        0.1481759072E-18    0.1078421551E-17    0.1093971321E-17    0.2917509085E-18     0.000000000         2.282870149    
     1.187500000        0.9505493043        0.5713370787        0.7056328672         1.127247506         1.125700485        0.1430624910E-17   -0.7013563828E-18    0.3341244268E-18   -0.1235270662E-17     0.000000000         2.240233621    
     1.200000000        0.8769743985        0.5648792310        0.5591547586         1.055387349        0.8165862681        0.5059939492E-17   -0.4334572412E-17    0.2286379920E-19   -0.4840563919E-17     0.000000000         1.936491003    
     1.212500000        0.9340568240        0.6338495015        0.6203563479         1.101629736        0.6564901886        0.2947874568E-17   -0.1940309760E-17   -0.2255473612E-18   -0.2596994145E-17     0.000000000         1.973191299    
     1.225000000        0.8985412353        0.6313559156        0.6259460618         1.002208768        0.6386187073        0.1194128966E-17    0.6285875647E-18   -0.6332357522E-18   -0.5513799721E-18     0.000000000         1.898335344    
     1.237500000        0.7651039578        0.5290609934        0.5201478553        0.8981298700        0.5269363181        0.1079775955E-17    0.3465722035E-17   -0.1851228090E-17    0.3076151635E-18     0.000000000         1.619689497    
     1.250000000        0.6706580999        0.5656714211        0.5403346400        0.7858733510        0.3870127782        0.2207507298E-17    0.1074684519E-16   -0.5435302836E-17    0.1768426886E-17     0.000000000         1.474775145    
     1.262500000        0.8327118330        0.7296010524        0.6601445495        0.9575904394        0.4402264283        0.5630060454E-17    0.5028992283E-17   -0.2558716560E-17    0.5326622321E-17     0.000000000         1.810137151    
     1.275000000        0.8093371110        0.6069722778        0.5762139574        0.8926267134        0.3780665490        0.2381273958E-17    0.1775806092E-17   -0.9239025453E-18    0.2131326440E-17     0.000000000         1.631608304    
     1.287500000        0.5850524484        0.5407577294        0.5265584056        0.6398699109        0.2594372719        0.8495357760E-18    0.9886658657E-18   -0.5115000563E-18    0.6058186181E-18     0.000000000         1.275837883    
     1.300000000        0.5474793864        0.6606879279        0.6463882378        0.7339142311        0.2670391190        0.4170685185E-18    0.9408728908E-18   -0.4058723603E-18    0.1365625165E-18     0.000000000         1.427754451    
     1.312500000        0.5624037254        0.5666412095        0.5363929577        0.6987971785        0.2333214913        0.2487137107E-18    0.1833795885E-17   -0.4460054048E-18   -0.1351006933E-18     0.000000000         1.298778281    
     1.325000000        0.5720413540        0.5822415527        0.4980706655        0.6619410853        0.2114971960        0.1678883766E-18    0.5033905899E-17   -0.6755156497E-18   -0.4788987026E-18     0.000000000         1.262895927    
     1.337500000        0.5087233672        0.5678146563        0.5291538388        0.5729577646        0.1543485647        0.1240108730E-18    0.1293584962E-17   -0.1480705368E-17   -0.1348744838E-17     0.000000000         1.166499096    
     1.350000000        0.4366993970        0.7122145534        0.7012399951        0.5548612699        0.1638102768        0.9863597907E-19   -0.3542196660E-17   -0.4582953945E-17   -0.4491546208E-17     0.000000000         1.284412746    
     1.362500000        0.3982566137        0.7555068159        0.7546383225        0.4951433286        0.1770133196        0.8391487567E-19   -0.3038310472E-17   -0.3588678919E-17   -0.3525122003E-17     0.000000000         1.290279200    
     1.375000000        0.4173450500        0.7030329482        0.7130767572        0.5630001325        0.1695472872        0.7626374250E-19   -0.8368307951E-18   -0.1192440419E-17   -0.1149907222E-17     0.000000000         1.283001088    
     1.387500000        0.3254177085        0.5110124314        0.5543019533        0.4378094082        0.1160929170        0.7420005338E-19   -0.3320174078E-18   -0.5894466565E-18   -0.5646819034E-18     0.000000000        0.9723172092    
     1.400000000        0.2984936905        0.5375140280        0.6029046746        0.4166576280        0.8352059106E-01    0.7764893658E-19   -0.2088849946E-18   -0.4065216967E-18   -0.3990621205E-18     0.000000000        0.9695453061    
     1.412500000        0.2987969944        0.4854030798        0.5017356834        0.3946873490        0.6584312808E-01    0.8805834745E-19   -0.2230120640E-18   -0.3725775563E-18   -0.3850926379E-18     0.000000000        0.8732331173    
     1.425000000        0.2201278178        0.3842395481        0.3878364772        0.3019692174        0.5513201043E-01    0.1095486342E-18   -0.3689855479E-18   -0.4526654513E-18   -0.4929351474E-18     0.000000000        0.6746525355    
     1.437500000        0.2635724166        0.5522535938        0.5501285826        0.4301834421        0.6675341955E-01    0.1527630398E-18   -0.8373692477E-18   -0.7490202826E-18   -0.8360047909E-18     0.000000000        0.9314457273    
     1.450000000        0.2106536655        0.5725218060        0.5644618396        0.3896018400        0.7386358082E-01    0.2488616603E-18   -0.2633449251E-17   -0.1820301507E-17   -0.2004313185E-17     0.000000000        0.9055513659    
     1.462500000        0.2090386271        0.6465860573        0.6256753536        0.3672659431        0.7434282531E-01    0.5146505396E-18   -0.8649097076E-17   -0.5342642504E-17   -0.5790663600E-17     0.000000000        0.9614544032    
     1.475000000        0.1618680518        0.4410183631        0.3739023150        0.2344516085        0.4543680730E-01    0.1520891156E-17    0.5470107394E-18   -0.2739510319E-17   -0.4188744055E-17     0.000000000        0.6283385729    
     1.487500000        0.1677493127        0.4877152931        0.3730725240        0.1995418414        0.4516050735E-01    0.2560959956E-17    0.8287945007E-17   -0.9288185900E-18   -0.3408680336E-17     0.000000000        0.6366197393    
     1.500000000        0.2057589999        0.6005724282        0.5638860890        0.2635881455        0.5131654944E-01    0.8503520658E-18    0.2375832081E-17   -0.4375081328E-18   -0.1190608318E-17     0.000000000        0.8425611060    
     1.512500000        0.1274543907        0.4776626612        0.4630099747        0.2732806705        0.3409622625E-01    0.3705504030E-18    0.7555576428E-18   -0.2513079217E-18   -0.4970828171E-18     0.000000000        0.6877519617    
     1.525000000        0.1234644741        0.4297765378        0.4214725569        0.2444008713        0.2933649891E-01    0.2390868562E-18    0.2975506045E-18   -0.1611676273E-18   -0.2263609412E-18     0.000000000        0.6242254695    
     1.537500000        0.1485084622        0.5777906279        0.5712625053        0.3275736116        0.3270246191E-01    0.2138461655E-18    0.1112780096E-18   -0.1095653619E-18   -0.5320078158E-19     0.000000000        0.8289188345    
     1.550000000        0.9737042491E-01    0.5083952560        0.5007373064        0.2438266131        0.3710137874E-01    0.2616330931E-18    0.1931013464E-19   -0.7591035948E-19    0.1543415040E-18     0.000000000        0.6937154896    
     1.562500000        0.7170617071E-01    0.4176769873        0.4031438208        0.1417601944        0.3687209812E-01    0.4493908331E-18    0.9605896070E-19   -0.5122071908E-19    0.6559641820E-18     0.000000000        0.5355796357    
     1.575000000        0.9233989398E-01    0.4390570570        0.3935005819        0.1849293865        0.2352680551E-01    0.1171237851E-17    0.5013406732E-18   -0.3080227611E-19    0.2353582580E-17     0.000000000        0.5666768624    
     1.587500000        0.8981651704E-01    0.4228131759        0.3111854197        0.1523822941        0.2017254863E-01    0.2810445762E-17   -0.7803241267E-17   -0.1159542842E-19    0.1509172908E-17     0.000000000        0.4981849777    
     1.600000000        0.8293787009E-01    0.3583129331        0.4167988108        0.1310283169        0.2340360577E-01    0.1078364568E-17   -0.3009285186E-17    0.9099482444E-20    0.4561586323E-18     0.000000000        0.5062407683    
     1.612500000        0.9805893757E-01    0.4949015701        0.6321599438        0.1815908066        0.2984276038E-01    0.4079624472E-18   -0.8619298618E-18    0.3463606060E-19    0.1901009035E-18     0.000000000        0.7182770092    
     1.625000000        0.7935769506E-01    0.6383835101        0.6752365642        0.2122653019        0.3556160780E-01    0.2181644504E-18   -0.2509925932E-18    0.7054707715E-19    0.1027466620E-18     0.000000000        0.8204023396    
     1.637500000        0.6838032595E-01    0.5461649959        0.5565458409        0.1921074106        0.2749646092E-01    0.1486025708E-18    0.3073153838E-19    0.1280592757E-18    0.7129165290E-19     0.000000000        0.6953475172    
     1.650000000        0.8101928557E-01    0.5801705280        0.5813672102        0.2188534868        0.2133828608E-01    0.1246680669E-18    0.2524274521E-18    0.2344862439E-18    0.6633214736E-19     0.000000000        0.7413743983    
     1.662500000        0.4764088625E-01    0.2909170788        0.2858254201        0.1077344630        0.1439062328E-01    0.1316174003E-18    0.5457080676E-18    0.4720022672E-18    0.8477866312E-19     0.000000000        0.3732542358    
     1.675000000        0.2943153828E-01    0.1901585825        0.1757113269        0.6899056293E-01    0.1210581040E-01    0.1861138441E-18    0.1135797592E-17    0.1170041463E-17    0.1472294515E-18     0.000000000        0.2381989105    
     1.687500000        0.3041543856E-01    0.2508172392        0.2105770700        0.8646447801E-01    0.1111105630E-01    0.3905804884E-18    0.2882730738E-17    0.3872399927E-17    0.3577439412E-18     0.000000000        0.2946926410    
     1.700000000        0.5389592899E-01    0.4502954197        0.3159257266        0.1290868213        0.1069941931E-01    0.1181983253E-17    0.9303404581E-17    0.4042748242E-17    0.1154100875E-17     0.000000000        0.4799516580    
     1.712500000        0.4501308598E-01    0.3634737693        0.2657822053        0.9723190233E-01    0.1084925798E-01    0.8642648369E-18    0.6842764826E-17    0.1219615508E-17    0.8407271060E-18     0.000000000        0.3911751104    
     1.725000000        0.4582475242E-01    0.4115407007        0.3820551203        0.1107289425        0.1257936126E-01    0.2813414277E-18    0.2263349445E-17    0.4882790821E-18    0.2618994871E-18     0.000000000        0.4813644386    
     1.737500000        0.5833249868E-01    0.7425198085        0.7312722631        0.1949586622        0.1973637523E-01    0.1269519973E-18    0.1128320719E-17    0.2433123002E-18    0.1117132525E-18     0.000000000        0.8734098039    
     1.750000000        0.3686908191E-01    0.5345539148        0.5308638963        0.1451797823        0.1648245525E-01    0.6922004295E-19    0.8041992996E-18    0.1353047067E-18    0.5876558522E-19     0.000000000        0.6319745653    
     1.762500000        0.2433293246E-01    0.3043621927        0.3065480999        0.8058609047E-01    0.1235845170E-01    0.3908806232E-19    0.7833395941E-18    0.7826213002E-19    0.3480776123E-19     0.000000000        0.3640938836    
     1.775000000        0.2753183393E-01    0.3234814465        0.3352989427        0.5852997415E-01    0.1517579807E-01    0.1716273014E-19    0.1027760371E-17    0.4399956375E-19    0.2213148414E-19     0.000000000        0.3800089976    
     1.787500000        0.3752688918E-01    0.4461557822        0.4872881402        0.7149058932E-01    0.1831128163E-01   -0.6833401941E-20    0.1861632346E-17    0.2120105037E-19    0.1470168664E-19     0.000000000        0.5303863413    
     1.800000000        0.2006043329E-01    0.2681992333        0.4176275830        0.5959390529E-01    0.1495997571E-01   -0.4881820644E-19    0.4937385520E-17    0.4600582528E-20    0.1003208791E-19     0.000000000        0.3902205653    
     1.812500000        0.1722395130E-01    0.2645218828        0.3251277693        0.6209480515E-01    0.1125227670E-01   -0.1675784439E-18    0.7342860483E-17   -0.8561085626E-20    0.6951279278E-20     0.000000000        0.3401103426    
     1.825000000        0.2699060167E-01    0.4099510983        0.2900608816        0.7606117774E-01    0.8375462295E-02   -0.5863024654E-18    0.1098119396E-16   -0.1989875508E-19    0.4850190711E-20     0.000000000        0.4057196108    
     1.837500000        0.2605015029E-01    0.4562825298        0.3697527813        0.9750621041E-01    0.7438808197E-02   -0.3804576526E-18    0.6834023945E-17   -0.3048048826E-19    0.3387778864E-20     0.000000000        0.4785152400    
     1.850000000        0.2269893002E-01    0.5003670325        0.4753342377        0.1205315794        0.7077290365E-02   -0.1124657922E-18    0.2211659554E-17   -0.4112735819E-19    0.2362151835E-20     0.000000000        0.5630045350    
     1.862500000        0.2761281454E-01    0.4326298549        0.4220899473        0.8757094834E-01    0.7122809965E-02   -0.4353707973E-19    0.8978014848E-18   -0.5259375996E-19    0.1648992737E-20     0.000000000        0.4885131875    
     1.875000000        0.1533597262E-01    0.2188608373        0.2126093225        0.4158539636E-01    0.6989950749E-02   -0.1956108849E-19    0.2934066422E-18   -0.6571074316E-19    0.1170122683E-20     0.000000000        0.2476907398    
     1.887500000        0.1144263144E-01    0.1883953724        0.1832840120        0.2904137738E-01    0.7786612462E-02   -0.9025856143E-20   -0.2692590157E-18   -0.8154643682E-19    0.8767343116E-21     0.000000000        0.2099750028    
     1.900000000        0.1403418408E-01    0.3392077180        0.3334355865        0.3407173395E-01    0.1162917719E-01   -0.3662215701E-20   -0.1534683955E-17   -0.1016444299E-18    0.7403991643E-21     0.000000000        0.3661891999    
     1.912500000        0.1835956886E-01    0.4991480805        0.4901938622        0.6404623753E-01    0.1098723315E-01   -0.6392980515E-21   -0.5161894317E-17   -0.1284470802E-18    0.7486995837E-21     0.000000000        0.5413674911    
     1.925000000        0.1519192923E-01    0.3955526107        0.3762643775        0.4670216178E-01    0.9726195344E-02    0.1211257349E-20   -0.2424765151E-17   -0.1661403508E-18    0.9042213806E-21     0.000000000        0.4217186373    
     1.937500000        0.1293520424E-01    0.3842295288        0.3232243964        0.5265273167E-01    0.7087427124E-02    0.2445557021E-20   -0.7279036584E-18   -0.2225192891E-18    0.1226912625E-20     0.000000000        0.3900646442    
     1.950000000        0.1711593410E-01    0.6292266298        0.4757801474        0.8694063345E-01    0.6312364895E-02    0.3366523039E-20   -0.2642918738E-18   -0.3135938476E-18    0.1761244721E-20     0.000000000        0.6076878548    
     1.962500000        0.1030461292E-01    0.2805189088        0.3130758542        0.3865756035E-01    0.6882887538E-02    0.4171247418E-20   -0.5826024205E-19   -0.4766674284E-18    0.2592242579E-20     0.000000000        0.3247199119    
     1.975000000        0.9616751433E-02    0.2150114810        0.3666411707        0.2711000305E-01    0.7841781579E-02    0.5029567449E-20    0.1338108724E-18   -0.8150953582E-18    0.3880782927E-20     0.000000000        0.3131105939    
     1.987500000        0.1241791868E-01    0.2921075238        0.3336147923        0.3185554897E-01    0.6136388393E-02    0.6154371258E-20    0.5392960630E-18   -0.1695963000E-17    0.5946379701E-20     0.000000000        0.3380660861    
     2.000000000        0.7751385089E-02    0.2049058742        0.2148167330        0.2519330151E-01    0.5280235385E-02    0.7924242122E-20    0.2034586515E-17   -0.4877543858E-17    0.9483505884E-20     0.000000000        0.2289737646    
     2.012500000        0.6793624562E-02    0.2750168083        0.2733220389        0.3367356025E-01    0.5163332039E-02    0.1121994595E-19    0.4906709427E-17   -0.1102573573E-16    0.1621997582E-19     0.000000000        0.2969846820    
     2.025000000        0.8917620855E-02    0.4229721758        0.4104947604        0.4009327670E-01    0.5894003114E-02    0.1866530861E-19    0.9063071470E-18   -0.3962393436E-17    0.3139239641E-19     0.000000000        0.4441859184    
     2.037500000        0.9745299573E-02    0.5792351556        0.5417986816        0.4299902534E-01    0.7616224284E-02    0.4079660317E-19   -0.1723613003E-17   -0.1501468625E-17    0.7608499125E-19     0.000000000        0.5906971932    
     2.050000000        0.8076425150E-02    0.3808610129        0.2493915359        0.2437523422E-01    0.5513153455E-02    0.1266171510E-18   -0.7518943389E-17   -0.7961771116E-18    0.2483465266E-18     0.000000000        0.3341086808    
     2.062500000        0.6954677126E-02    0.2793565208        0.1505043208        0.1685786657E-01    0.4605968343E-02    0.1277786898E-18   -0.7567823194E-17   -0.5310827728E-18    0.2515749887E-18     0.000000000        0.2291396768    
     2.075000000        0.5529789648E-02    0.2061291589        0.1850804954        0.1507138470E-01    0.4414839844E-02    0.4091696279E-19   -0.1475786306E-17   -0.4227973300E-18    0.7924512276E-19     0.000000000        0.2081128343    
     2.087500000        0.6578878313E-02    0.3588828936        0.4049451697        0.2422493460E-01    0.4721358251E-02    0.1838507695E-19    0.2501470923E-17   -0.3929450189E-18    0.3653190208E-19     0.000000000        0.3996766172    
     2.100000000        0.5263317746E-02    0.3186856353        0.4947891576        0.2266987918E-01    0.5257391741E-02    0.1073073601E-19    0.2631152593E-17   -0.4231096024E-18    0.2577625913E-19     0.000000000        0.4233326908    
     2.112500000        0.4710626736E-02    0.3254043559        0.3825832647        0.2131300712E-01    0.4478045285E-02    0.7270607198E-20   -0.7369996736E-18   -0.5303606787E-18    0.2974094762E-19     0.000000000        0.3692446499    
     2.125000000        0.4446494064E-02    0.2584426303        0.2216437084        0.1193712643E-01    0.4205422780E-02    0.5344984722E-20   -0.3875022187E-17   -0.7959300628E-18    0.6167759111E-19     0.000000000        0.2503376910    
     2.137500000        0.5083190610E-02    0.3873428087        0.2115514028        0.1053499625E-01    0.4177351600E-02    0.4039133999E-20   -0.1188414210E-16   -0.1550272868E-17    0.1706727370E-18     0.000000000        0.3093448750    
     2.150000000        0.4118627798E-02    0.3158614976        0.2358190801        0.1129531751E-01    0.3725532699E-02    0.2882334244E-20   -0.9175095903E-17   -0.4332465828E-17    0.8373383201E-19     0.000000000        0.2854100279    
     2.162500000        0.3858205835E-02    0.3672054592        0.3596531076        0.1310847589E-01    0.3628172969E-02    0.1326476388E-20   -0.6340715050E-17   -0.5129691719E-17    0.2857086718E-19     0.000000000        0.3737267108    
     2.175000000        0.3333685250E-02    0.2062967749        0.2729751293        0.7784400735E-02    0.3576068017E-02   -0.2346204462E-20   -0.3050311577E-17   -0.3299116376E-17    0.1329759164E-19     0.000000000        0.2469830291    
     2.187500000        0.3224013738E-02    0.2839310239        0.2705954085        0.6398296506E-02    0.3502035447E-02   -0.1501103497E-19   -0.4020497971E-17   -0.6675943903E-17    0.7383486464E-20     0.000000000        0.2838253890    
     2.200000000        0.3024293750E-02    0.2512564554        0.1732581767        0.5859615856E-02    0.3255821201E-02   -0.1064252697E-19   -0.5514746410E-17   -0.1023050705E-16    0.4490413372E-20     0.000000000        0.2183271815    
     2.212500000        0.2806446205E-02    0.9512995174E-01    0.7362342047E-01    0.4642621920E-02    0.3140555386E-02   -0.1690584465E-20   -0.1925700668E-17   -0.3331172955E-17    0.2850667440E-20     0.000000000        0.8967149786E-01
     2.225000000        0.2694279458E-02    0.4991161108E-01    0.4150061929E-01    0.4143578226E-02    0.3060288713E-02    0.5198702803E-21   -0.8619433147E-18   -0.1361068477E-17    0.1826154895E-20     0.000000000        0.5065518838E-01
     2.237500000        0.2612330544E-02    0.3290738448E-01    0.2855475282E-01    0.3863218706E-02    0.2992203138E-02    0.1218618359E-20   -0.4976659196E-18   -0.7298732606E-18    0.1141217189E-20     0.000000000        0.3546494485E-01
     2.250000000        0.2543156601E-02    0.2444895274E-01    0.2178135009E-01    0.3663697696E-02    0.2930286918E-02    0.1479759963E-20   -0.3294351421E-18   -0.4576686750E-18    0.6603933161E-21     0.000000000        0.2768372202E-01
     2.262500000        0.2481307618E-02    0.1946619594E-01    0.1764847746E-01    0.3505108967E-02    0.2872346313E-02    0.1578478174E-20   -0.2363171169E-18   -0.3159574282E-18    0.3104019785E-21     0.000000000        0.2298671815E-01
     2.275000000        0.2424465307E-02    0.1619819385E-01    0.1486955044E-01    0.3371455114E-02    0.2817369147E-02    0.1606727040E-20   -0.1785986817E-18   -0.2325631976E-18    0.4855278566E-22     0.000000000        0.1984051693E-01
     2.287500000        0.2371419044E-02    0.1389279265E-01    0.1287301367E-01    0.3254804879E-02    0.2764802589E-02    0.1601333120E-20   -0.1400027133E-18   -0.1791402663E-18   -0.1515236356E-21     0.000000000        0.1757841641E-01
     2.300000000        0.2321442646E-02    0.1217922064E-01    0.1136822451E-01    0.3150641879E-02    0.2714304412E-02    0.1579000775E-20   -0.1127613970E-18   -0.1427316963E-18   -0.3069044086E-21     0.000000000        0.1586691704E-01
     2.312500000        0.2274055860E-02    0.1085475276E-01    0.1019232495E-01    0.3056136690E-02    0.2665641659E-02    0.1548005026E-20   -0.9274258729E-19   -0.1167242782E-18   -0.4290875183E-21     0.000000000        0.1452145596E-01
     2.325000000        0.2228917597E-02    0.9799562212E-02    0.9247154178E-02    0.2969389536E-02    0.2618643780E-02    0.1512712831E-20   -0.7756360463E-19   -0.9744911235E-19   -0.5260699429E-21     0.000000000        0.1343183365E-01
     2.337500000        0.2185772251E-02    0.8938401367E-02    0.8470089085E-02    0.2889056135E-02    0.2573178719E-02    0.1475534507E-20   -0.6576275842E-19   -0.8273373798E-19   -0.6035683912E-21     0.000000000        0.1252824878E-01
     2.350000000        0.2144420191E-02    0.8221679123E-02    0.7819319812E-02    0.2814145410E-02    0.2529139703E-02    0.1437840725E-20   -0.5639835140E-19   -0.7122276328E-19   -0.6657664678E-21     0.000000000        0.1176435212E-01
     2.362500000        0.2104700364E-02    0.7615400777E-02    0.7265873825E-02    0.2743902202E-02    0.2486437470E-02    0.1400423425E-20   -0.4883915561E-19   -0.6203355034E-19   -0.7157884095E-21     0.000000000        0.1110815732E-01
     2.375000000        0.2066479440E-02    0.7095488794E-02    0.6789041768E-02    0.2677735352E-02    0.2444995426E-02    0.1363740413E-20   -0.4264796499E-19   -0.5457040245E-19   -0.7560087929E-21     0.000000000        0.1053687039E-01
     2.387500000        0.2029644715E-02    0.6644413329E-02    0.6373627037E-02    0.2615171546E-02    0.2404746508E-02    0.1328051050E-20   -0.3751350869E-19   -0.4841892196E-19   -0.7882605007E-21     0.000000000        0.1003380157E-01
     2.400000000        0.1994099287E-02    0.6249107738E-02    0.6008224594E-02    0.2555824541E-02    0.2365631051E-02    0.1293494327E-20   -0.3320891551E-19   -0.4328324722E-19   -0.8139777072E-21     0.000000000        0.9586443605E-02
     2.412500000        0.1959758661E-02    0.5899632195E-02    0.5684106490E-02    0.2499373982E-02    0.2327595298E-02    0.1260135183E-20   -0.2956544735E-19   -0.3894733500E-19   -0.8342962667E-21     0.000000000        0.9185233313E-02
     2.425000000        0.1926548298E-02    0.5588290164E-02    0.5394478611E-02    0.2445550406E-02    0.2290590328E-02    0.1227992662E-20   -0.2645536732E-19   -0.3525028623E-19   -0.8501255280E-21     0.000000000        0.8822728903E-02
     2.437500000        0.1894401791E-02    0.5309028391E-02    0.5133972063E-02    0.2394124372E-02    0.2254571252E-02    0.1197057403E-20   -0.2378046181E-19   -0.3207016780E-19   -0.8622005772E-21     0.000000000        0.8493048935E-02
     2.450000000        0.1863259486E-02    0.5057019720E-02    0.4898287128E-02    0.2344898417E-02    0.2219496611E-02    0.1167302669E-20   -0.2146416778E-19   -0.2931313587E-19   -0.8711208256E-21     0.000000000        0.8191480681E-02
     2.462500000        0.1833067413E-02    0.4828366905E-02    0.4683938943E-02    0.2297700988E-02    0.2185327900E-02    0.1138691402E-20   -0.1944605930E-19   -0.2690595884E-19   -0.8773789046E-21     0.000000000        0.7914201075E-02
     2.475000000        0.1803776448E-02    0.4619888377E-02    0.4488072552E-02    0.2252381785E-02    0.2152029201E-02    0.1111180764E-20   -0.1767791429E-19   -0.2479077409E-19   -0.8813825770E-21     0.000000000        0.7658074182E-02
     2.487500000        0.1775341635E-02    0.4428960679E-02    0.4308326191E-02    0.2208808149E-02    0.2119566877E-02    0.1084725076E-20   -0.1612086156E-19   -0.2292134483E-19   -0.8834715426E-21     0.000000000        0.7420501765E-02
     2.500000000        0.1747721649E-02    0.4253400806E-02    0.4142728758E-02    0.2166862199E-02    0.2087909327E-02    0.1059277727E-20   -0.1474328028E-19   -0.2126034416E-19   -0.8839304649E-21     0.000000000        0.7199311369E-02
