   -2   -2    0    1    1   -0.018000
   -2   -2    0    1    2    0.000000
   -2   -2    0    1    3    0.000000
   -2   -2    0    1    4    0.000000
   -2   -2    0    1    5    0.017000
   -2   -2    0    2    1    0.000000
   -2   -2    0    2    2    0.038000
   -2   -2    0    2    3    0.033000
   -2   -2    0    2    4    0.000000
   -2   -2    0    2    5    0.000000
   -2   -2    0    3    1    0.000000
   -2   -2    0    3    2    0.033000
   -2   -2    0    3    3    0.038000
   -2   -2    0    3    4    0.000000
   -2   -2    0    3    5    0.000000
   -2   -2    0    4    1    0.000000
   -2   -2    0    4    2    0.000000
   -2   -2    0    4    3    0.000000
   -2   -2    0    4    4    0.001000
   -2   -2    0    4    5    0.000000
   -2   -2    0    5    1    0.017000
   -2   -2    0    5    2    0.000000
   -2   -2    0    5    3    0.000000
   -2   -2    0    5    4    0.000000
   -2   -2    0    5    5   -0.028000
   -2   -1    0    1    1    0.015000
   -2   -1    0    1    2    0.003000
   -2   -1    0    1    3    0.001000
   -2   -1    0    1    4   -0.018000
   -2   -1    0    1    5   -0.001000
   -2   -1    0    2    1   -0.003000
   -2   -1    0    2    2   -0.032000
   -2   -1    0    2    3   -0.014000
   -2   -1    0    2    4   -0.016000
   -2   -1    0    2    5    0.015000
   -2   -1    0    3    1   -0.001000
   -2   -1    0    3    2   -0.014000
   -2   -1    0    3    3   -0.014000
   -2   -1    0    3    4   -0.030000
   -2   -1    0    3    5    0.001000
   -2   -1    0    4    1   -0.018000
   -2   -1    0    4    2    0.016000
   -2   -1    0    4    3    0.030000
   -2   -1    0    4    4    0.002000
   -2   -1    0    4    5    0.010000
   -2   -1    0    5    1   -0.001000
   -2   -1    0    5    2   -0.015000
   -2   -1    0    5    3   -0.001000
   -2   -1    0    5    4    0.010000
   -2   -1    0    5    5   -0.030000
   -2    0    0    1    1   -0.038000
   -2    0    0    1    2    0.000000
   -2    0    0    1    3    0.003000
   -2    0    0    1    4   -0.001000
   -2    0    0    1    5    0.000000
   -2    0    0    2    1    0.000000
   -2    0    0    2    2    0.030000
   -2    0    0    2    3    0.000000
   -2    0    0    2    4    0.000000
   -2    0    0    2    5    0.006000
   -2    0    0    3    1   -0.003000
   -2    0    0    3    2    0.000000
   -2    0    0    3    3   -0.006000
   -2    0    0    3    4    0.001000
   -2    0    0    3    5    0.000000
   -2    0    0    4    1   -0.001000
   -2    0    0    4    2    0.000000
   -2    0    0    4    3   -0.001000
   -2    0    0    4    4   -0.019000
   -2    0    0    4    5    0.000000
   -2    0    0    5    1    0.000000
   -2    0    0    5    2   -0.006000
   -2    0    0    5    3    0.000000
   -2    0    0    5    4    0.000000
   -2    0    0    5    5   -0.024000
   -2    1    0    1    1    0.015000
   -2    1    0    1    2   -0.003000
   -2    1    0    1    3    0.001000
   -2    1    0    1    4   -0.018000
   -2    1    0    1    5    0.001000
   -2    1    0    2    1    0.003000
   -2    1    0    2    2   -0.032000
   -2    1    0    2    3    0.014000
   -2    1    0    2    4    0.016000
   -2    1    0    2    5    0.015000
   -2    1    0    3    1   -0.001000
   -2    1    0    3    2    0.014000
   -2    1    0    3    3   -0.014000
   -2    1    0    3    4   -0.030000
   -2    1    0    3    5   -0.001000
   -2    1    0    4    1   -0.018000
   -2    1    0    4    2   -0.016000
   -2    1    0    4    3    0.030000
   -2    1    0    4    4    0.002000
   -2    1    0    4    5   -0.010000
   -2    1    0    5    1    0.001000
   -2    1    0    5    2   -0.015000
   -2    1    0    5    3    0.001000
   -2    1    0    5    4   -0.010000
   -2    1    0    5    5   -0.030000
   -2    2    0    1    1   -0.018000
   -2    2    0    1    2    0.000000
   -2    2    0    1    3    0.000000
   -2    2    0    1    4    0.000000
   -2    2    0    1    5   -0.017000
   -2    2    0    2    1    0.000000
   -2    2    0    2    2    0.038000
   -2    2    0    2    3   -0.033000
   -2    2    0    2    4    0.000000
   -2    2    0    2    5    0.000000
   -2    2    0    3    1    0.000000
   -2    2    0    3    2   -0.033000
   -2    2    0    3    3    0.038000
   -2    2    0    3    4    0.000000
   -2    2    0    3    5    0.000000
   -2    2    0    4    1    0.000000
   -2    2    0    4    2    0.000000
   -2    2    0    4    3    0.000000
   -2    2    0    4    4    0.001000
   -2    2    0    4    5    0.000000
   -2    2    0    5    1   -0.017000
   -2    2    0    5    2    0.000000
   -2    2    0    5    3    0.000000
   -2    2    0    5    4    0.000000
   -2    2    0    5    5   -0.028000
   -1   -2    0    1    1    0.015000
   -1   -2    0    1    2    0.001000
   -1   -2    0    1    3    0.003000
   -1   -2    0    1    4    0.018000
   -1   -2    0    1    5   -0.001000
   -1   -2    0    2    1   -0.001000
   -1   -2    0    2    2   -0.014000
   -1   -2    0    2    3   -0.014000
   -1   -2    0    2    4    0.030000
   -1   -2    0    2    5    0.001000
   -1   -2    0    3    1   -0.003000
   -1   -2    0    3    2   -0.014000
   -1   -2    0    3    3   -0.032000
   -1   -2    0    3    4    0.016000
   -1   -2    0    3    5    0.015000
   -1   -2    0    4    1    0.018000
   -1   -2    0    4    2   -0.030000
   -1   -2    0    4    3   -0.016000
   -1   -2    0    4    4    0.002000
   -1   -2    0    4    5   -0.010000
   -1   -2    0    5    1   -0.001000
   -1   -2    0    5    2   -0.001000
   -1   -2    0    5    3   -0.015000
   -1   -2    0    5    4   -0.010000
   -1   -2    0    5    5   -0.030000
   -1   -1    0    1    1   -0.013000
   -1   -1    0    1    2    0.097000
   -1   -1    0    1    3    0.097000
   -1   -1    0    1    4    0.000000
   -1   -1    0    1    5   -0.159000
   -1   -1    0    2    1   -0.097000
   -1   -1    0    2    2    0.240000
   -1   -1    0    2    3    0.105000
   -1   -1    0    2    4   -0.098000
   -1   -1    0    2    5    0.013000
   -1   -1    0    3    1   -0.097000
   -1   -1    0    3    2    0.105000
   -1   -1    0    3    3    0.240000
   -1   -1    0    3    4    0.098000
   -1   -1    0    3    5    0.013000
   -1   -1    0    4    1    0.000000
   -1   -1    0    4    2    0.098000
   -1   -1    0    4    3   -0.098000
   -1   -1    0    4    4   -0.067000
   -1   -1    0    4    5    0.000000
   -1   -1    0    5    1   -0.159000
   -1   -1    0    5    2   -0.013000
   -1   -1    0    5    3   -0.013000
   -1   -1    0    5    4    0.000000
   -1   -1    0    5    5    0.118000
   -1    0    0    1    1   -0.072000
   -1    0    0    1    2    0.000000
   -1    0    0    1    3   -0.103000
   -1    0    0    1    4   -0.301000
   -1    0    0    1    5    0.000000
   -1    0    0    2    1    0.000000
   -1    0    0    2    2   -0.069000
   -1    0    0    2    3    0.000000
   -1    0    0    2    4    0.000000
   -1    0    0    2    5    0.233000
   -1    0    0    3    1    0.103000
   -1    0    0    3    2    0.000000
   -1    0    0    3    3   -0.343000
   -1    0    0    3    4   -0.358000
   -1    0    0    3    5    0.000000
   -1    0    0    4    1   -0.301000
   -1    0    0    4    2    0.000000
   -1    0    0    4    3    0.358000
   -1    0    0    4    4    0.315000
   -1    0    0    4    5    0.000000
   -1    0    0    5    1    0.000000
   -1    0    0    5    2   -0.233000
   -1    0    0    5    3    0.000000
   -1    0    0    5    4    0.000000
   -1    0    0    5    5    0.152000
   -1    1    0    1    1   -0.013000
   -1    1    0    1    2   -0.097000
   -1    1    0    1    3    0.097000
   -1    1    0    1    4    0.000000
   -1    1    0    1    5    0.159000
   -1    1    0    2    1    0.097000
   -1    1    0    2    2    0.240000
   -1    1    0    2    3   -0.105000
   -1    1    0    2    4    0.098000
   -1    1    0    2    5    0.013000
   -1    1    0    3    1   -0.097000
   -1    1    0    3    2   -0.105000
   -1    1    0    3    3    0.240000
   -1    1    0    3    4    0.098000
   -1    1    0    3    5   -0.013000
   -1    1    0    4    1    0.000000
   -1    1    0    4    2   -0.098000
   -1    1    0    4    3   -0.098000
   -1    1    0    4    4   -0.067000
   -1    1    0    4    5    0.000000
   -1    1    0    5    1    0.159000
   -1    1    0    5    2   -0.013000
   -1    1    0    5    3    0.013000
   -1    1    0    5    4    0.000000
   -1    1    0    5    5    0.118000
   -1    2    0    1    1    0.015000
   -1    2    0    1    2   -0.001000
   -1    2    0    1    3    0.003000
   -1    2    0    1    4    0.018000
   -1    2    0    1    5    0.001000
   -1    2    0    2    1    0.001000
   -1    2    0    2    2   -0.014000
   -1    2    0    2    3    0.014000
   -1    2    0    2    4   -0.030000
   -1    2    0    2    5    0.001000
   -1    2    0    3    1   -0.003000
   -1    2    0    3    2    0.014000
   -1    2    0    3    3   -0.032000
   -1    2    0    3    4    0.016000
   -1    2    0    3    5   -0.015000
   -1    2    0    4    1    0.018000
   -1    2    0    4    2    0.030000
   -1    2    0    4    3   -0.016000
   -1    2    0    4    4    0.002000
   -1    2    0    4    5    0.010000
   -1    2    0    5    1    0.001000
   -1    2    0    5    2   -0.001000
   -1    2    0    5    3    0.015000
   -1    2    0    5    4    0.010000
   -1    2    0    5    5   -0.030000
    0   -2    0    1    1   -0.038000
    0   -2    0    1    2    0.003000
    0   -2    0    1    3    0.000000
    0   -2    0    1    4    0.001000
    0   -2    0    1    5    0.000000
    0   -2    0    2    1   -0.003000
    0   -2    0    2    2   -0.006000
    0   -2    0    2    3    0.000000
    0   -2    0    2    4   -0.001000
    0   -2    0    2    5    0.000000
    0   -2    0    3    1    0.000000
    0   -2    0    3    2    0.000000
    0   -2    0    3    3    0.030000
    0   -2    0    3    4    0.000000
    0   -2    0    3    5    0.006000
    0   -2    0    4    1    0.001000
    0   -2    0    4    2    0.001000
    0   -2    0    4    3    0.000000
    0   -2    0    4    4   -0.019000
    0   -2    0    4    5    0.000000
    0   -2    0    5    1    0.000000
    0   -2    0    5    2    0.000000
    0   -2    0    5    3   -0.006000
    0   -2    0    5    4    0.000000
    0   -2    0    5    5   -0.024000
    0   -1    0    1    1   -0.072000
    0   -1    0    1    2   -0.103000
    0   -1    0    1    3    0.000000
    0   -1    0    1    4    0.301000
    0   -1    0    1    5    0.000000
    0   -1    0    2    1    0.103000
    0   -1    0    2    2   -0.343000
    0   -1    0    2    3    0.000000
    0   -1    0    2    4    0.358000
    0   -1    0    2    5    0.000000
    0   -1    0    3    1    0.000000
    0   -1    0    3    2    0.000000
    0   -1    0    3    3   -0.069000
    0   -1    0    3    4    0.000000
    0   -1    0    3    5    0.233000
    0   -1    0    4    1    0.301000
    0   -1    0    4    2   -0.358000
    0   -1    0    4    3    0.000000
    0   -1    0    4    4    0.315000
    0   -1    0    4    5    0.000000
    0   -1    0    5    1    0.000000
    0   -1    0    5    2    0.000000
    0   -1    0    5    3   -0.233000
    0   -1    0    5    4    0.000000
    0   -1    0    5    5    0.152000
    0    0    0    1    1    0.890000
    0    0    0    1    2    0.000000
    0    0    0    1    3    0.000000
    0    0    0    1    4    0.000000
    0    0    0    1    5    0.000000
    0    0    0    2    1    0.000000
    0    0    0    2    2    1.100000
    0    0    0    2    3    0.000000
    0    0    0    2    4    0.000000
    0    0    0    2    5    0.000000
    0    0    0    3    1    0.000000
    0    0    0    3    2    0.000000
    0    0    0    3    3    1.100000
    0    0    0    3    4    0.000000
    0    0    0    3    5    0.000000
    0    0    0    4    1    0.000000
    0    0    0    4    2    0.000000
    0    0    0    4    3    0.000000
    0    0    0    4    4    0.790000
    0    0    0    4    5    0.000000
    0    0    0    5    1    0.000000
    0    0    0    5    2    0.000000
    0    0    0    5    3    0.000000
    0    0    0    5    4    0.000000
    0    0    0    5    5    1.260000
    0    1    0    1    1   -0.072000
    0    1    0    1    2    0.103000
    0    1    0    1    3    0.000000
    0    1    0    1    4    0.301000
    0    1    0    1    5    0.000000
    0    1    0    2    1   -0.103000
    0    1    0    2    2   -0.343000
    0    1    0    2    3    0.000000
    0    1    0    2    4   -0.358000
    0    1    0    2    5    0.000000
    0    1    0    3    1    0.000000
    0    1    0    3    2    0.000000
    0    1    0    3    3   -0.069000
    0    1    0    3    4    0.000000
    0    1    0    3    5   -0.233000
    0    1    0    4    1    0.301000
    0    1    0    4    2    0.358000
    0    1    0    4    3    0.000000
    0    1    0    4    4    0.315000
    0    1    0    4    5    0.000000
    0    1    0    5    1    0.000000
    0    1    0    5    2    0.000000
    0    1    0    5    3    0.233000
    0    1    0    5    4    0.000000
    0    1    0    5    5    0.152000
    0    2    0    1    1   -0.038000
    0    2    0    1    2   -0.003000
    0    2    0    1    3    0.000000
    0    2    0    1    4    0.001000
    0    2    0    1    5    0.000000
    0    2    0    2    1    0.003000
    0    2    0    2    2   -0.006000
    0    2    0    2    3    0.000000
    0    2    0    2    4    0.001000
    0    2    0    2    5    0.000000
    0    2    0    3    1    0.000000
    0    2    0    3    2    0.000000
    0    2    0    3    3    0.030000
    0    2    0    3    4    0.000000
    0    2    0    3    5   -0.006000
    0    2    0    4    1    0.001000
    0    2    0    4    2   -0.001000
    0    2    0    4    3    0.000000
    0    2    0    4    4   -0.019000
    0    2    0    4    5    0.000000
    0    2    0    5    1    0.000000
    0    2    0    5    2    0.000000
    0    2    0    5    3    0.006000
    0    2    0    5    4    0.000000
    0    2    0    5    5   -0.024000
    1   -2    0    1    1    0.015000
    1   -2    0    1    2    0.001000
    1   -2    0    1    3   -0.003000
    1   -2    0    1    4    0.018000
    1   -2    0    1    5    0.001000
    1   -2    0    2    1   -0.001000
    1   -2    0    2    2   -0.014000
    1   -2    0    2    3    0.014000
    1   -2    0    2    4    0.030000
    1   -2    0    2    5   -0.001000
    1   -2    0    3    1    0.003000
    1   -2    0    3    2    0.014000
    1   -2    0    3    3   -0.032000
    1   -2    0    3    4   -0.016000
    1   -2    0    3    5    0.015000
    1   -2    0    4    1    0.018000
    1   -2    0    4    2   -0.030000
    1   -2    0    4    3    0.016000
    1   -2    0    4    4    0.002000
    1   -2    0    4    5    0.010000
    1   -2    0    5    1    0.001000
    1   -2    0    5    2    0.001000
    1   -2    0    5    3   -0.015000
    1   -2    0    5    4    0.010000
    1   -2    0    5    5   -0.030000
    1   -1    0    1    1   -0.013000
    1   -1    0    1    2    0.097000
    1   -1    0    1    3   -0.097000
    1   -1    0    1    4    0.000000
    1   -1    0    1    5    0.159000
    1   -1    0    2    1   -0.097000
    1   -1    0    2    2    0.240000
    1   -1    0    2    3   -0.105000
    1   -1    0    2    4   -0.098000
    1   -1    0    2    5   -0.013000
    1   -1    0    3    1    0.097000
    1   -1    0    3    2   -0.105000
    1   -1    0    3    3    0.240000
    1   -1    0    3    4   -0.098000
    1   -1    0    3    5    0.013000
    1   -1    0    4    1    0.000000
    1   -1    0    4    2    0.098000
    1   -1    0    4    3    0.098000
    1   -1    0    4    4   -0.067000
    1   -1    0    4    5    0.000000
    1   -1    0    5    1    0.159000
    1   -1    0    5    2    0.013000
    1   -1    0    5    3   -0.013000
    1   -1    0    5    4    0.000000
    1   -1    0    5    5    0.118000
    1    0    0    1    1   -0.072000
    1    0    0    1    2    0.000000
    1    0    0    1    3    0.103000
    1    0    0    1    4   -0.301000
    1    0    0    1    5    0.000000
    1    0    0    2    1    0.000000
    1    0    0    2    2   -0.069000
    1    0    0    2    3    0.000000
    1    0    0    2    4    0.000000
    1    0    0    2    5   -0.233000
    1    0    0    3    1   -0.103000
    1    0    0    3    2    0.000000
    1    0    0    3    3   -0.343000
    1    0    0    3    4    0.358000
    1    0    0    3    5    0.000000
    1    0    0    4    1   -0.301000
    1    0    0    4    2    0.000000
    1    0    0    4    3   -0.358000
    1    0    0    4    4    0.315000
    1    0    0    4    5    0.000000
    1    0    0    5    1    0.000000
    1    0    0    5    2    0.233000
    1    0    0    5    3    0.000000
    1    0    0    5    4    0.000000
    1    0    0    5    5    0.152000
    1    1    0    1    1   -0.013000
    1    1    0    1    2   -0.097000
    1    1    0    1    3   -0.097000
    1    1    0    1    4    0.000000
    1    1    0    1    5   -0.159000
    1    1    0    2    1    0.097000
    1    1    0    2    2    0.240000
    1    1    0    2    3    0.105000
    1    1    0    2    4    0.098000
    1    1    0    2    5   -0.013000
    1    1    0    3    1    0.097000
    1    1    0    3    2    0.105000
    1    1    0    3    3    0.240000
    1    1    0    3    4   -0.098000
    1    1    0    3    5   -0.013000
    1    1    0    4    1    0.000000
    1    1    0    4    2   -0.098000
    1    1    0    4    3    0.098000
    1    1    0    4    4   -0.067000
    1    1    0    4    5    0.000000
    1    1    0    5    1   -0.159000
    1    1    0    5    2    0.013000
    1    1    0    5    3    0.013000
    1    1    0    5    4    0.000000
    1    1    0    5    5    0.118000
    1    2    0    1    1    0.015000
    1    2    0    1    2   -0.001000
    1    2    0    1    3   -0.003000
    1    2    0    1    4    0.018000
    1    2    0    1    5   -0.001000
    1    2    0    2    1    0.001000
    1    2    0    2    2   -0.014000
    1    2    0    2    3   -0.014000
    1    2    0    2    4   -0.030000
    1    2    0    2    5   -0.001000
    1    2    0    3    1    0.003000
    1    2    0    3    2   -0.014000
    1    2    0    3    3   -0.032000
    1    2    0    3    4   -0.016000
    1    2    0    3    5   -0.015000
    1    2    0    4    1    0.018000
    1    2    0    4    2    0.030000
    1    2    0    4    3    0.016000
    1    2    0    4    4    0.002000
    1    2    0    4    5   -0.010000
    1    2    0    5    1   -0.001000
    1    2    0    5    2    0.001000
    1    2    0    5    3    0.015000
    1    2    0    5    4   -0.010000
    1    2    0    5    5   -0.030000
    2   -2    0    1    1   -0.018000
    2   -2    0    1    2    0.000000
    2   -2    0    1    3    0.000000
    2   -2    0    1    4    0.000000
    2   -2    0    1    5   -0.017000
    2   -2    0    2    1    0.000000
    2   -2    0    2    2    0.038000
    2   -2    0    2    3   -0.033000
    2   -2    0    2    4    0.000000
    2   -2    0    2    5    0.000000
    2   -2    0    3    1    0.000000
    2   -2    0    3    2   -0.033000
    2   -2    0    3    3    0.038000
    2   -2    0    3    4    0.000000
    2   -2    0    3    5    0.000000
    2   -2    0    4    1    0.000000
    2   -2    0    4    2    0.000000
    2   -2    0    4    3    0.000000
    2   -2    0    4    4    0.001000
    2   -2    0    4    5    0.000000
    2   -2    0    5    1   -0.017000
    2   -2    0    5    2    0.000000
    2   -2    0    5    3    0.000000
    2   -2    0    5    4    0.000000
    2   -2    0    5    5   -0.028000
    2   -1    0    1    1    0.015000
    2   -1    0    1    2    0.003000
    2   -1    0    1    3   -0.001000
    2   -1    0    1    4   -0.018000
    2   -1    0    1    5    0.001000
    2   -1    0    2    1   -0.003000
    2   -1    0    2    2   -0.032000
    2   -1    0    2    3    0.014000
    2   -1    0    2    4   -0.016000
    2   -1    0    2    5   -0.015000
    2   -1    0    3    1    0.001000
    2   -1    0    3    2    0.014000
    2   -1    0    3    3   -0.014000
    2   -1    0    3    4    0.030000
    2   -1    0    3    5    0.001000
    2   -1    0    4    1   -0.018000
    2   -1    0    4    2    0.016000
    2   -1    0    4    3   -0.030000
    2   -1    0    4    4    0.002000
    2   -1    0    4    5   -0.010000
    2   -1    0    5    1    0.001000
    2   -1    0    5    2    0.015000
    2   -1    0    5    3   -0.001000
    2   -1    0    5    4   -0.010000
    2   -1    0    5    5   -0.030000
    2    0    0    1    1   -0.038000
    2    0    0    1    2    0.000000
    2    0    0    1    3   -0.003000
    2    0    0    1    4   -0.001000
    2    0    0    1    5    0.000000
    2    0    0    2    1    0.000000
    2    0    0    2    2    0.030000
    2    0    0    2    3    0.000000
    2    0    0    2    4    0.000000
    2    0    0    2    5   -0.006000
    2    0    0    3    1    0.003000
    2    0    0    3    2    0.000000
    2    0    0    3    3   -0.006000
    2    0    0    3    4   -0.001000
    2    0    0    3    5    0.000000
    2    0    0    4    1   -0.001000
    2    0    0    4    2    0.000000
    2    0    0    4    3    0.001000
    2    0    0    4    4   -0.019000
    2    0    0    4    5    0.000000
    2    0    0    5    1    0.000000
    2    0    0    5    2    0.006000
    2    0    0    5    3    0.000000
    2    0    0    5    4    0.000000
    2    0    0    5    5   -0.024000
    2    1    0    1    1    0.015000
    2    1    0    1    2   -0.003000
    2    1    0    1    3   -0.001000
    2    1    0    1    4   -0.018000
    2    1    0    1    5   -0.001000
    2    1    0    2    1    0.003000
    2    1    0    2    2   -0.032000
    2    1    0    2    3   -0.014000
    2    1    0    2    4    0.016000
    2    1    0    2    5   -0.015000
    2    1    0    3    1    0.001000
    2    1    0    3    2   -0.014000
    2    1    0    3    3   -0.014000
    2    1    0    3    4    0.030000
    2    1    0    3    5   -0.001000
    2    1    0    4    1   -0.018000
    2    1    0    4    2   -0.016000
    2    1    0    4    3   -0.030000
    2    1    0    4    4    0.002000
    2    1    0    4    5    0.010000
    2    1    0    5    1   -0.001000
    2    1    0    5    2    0.015000
    2    1    0    5    3    0.001000
    2    1    0    5    4    0.010000
    2    1    0    5    5   -0.030000
    2    2    0    1    1   -0.018000
    2    2    0    1    2    0.000000
    2    2    0    1    3    0.000000
    2    2    0    1    4    0.000000
    2    2    0    1    5    0.017000
    2    2    0    2    1    0.000000
    2    2    0    2    2    0.038000
    2    2    0    2    3    0.033000
    2    2    0    2    4    0.000000
    2    2    0    2    5    0.000000
    2    2    0    3    1    0.000000
    2    2    0    3    2    0.033000
    2    2    0    3    3    0.038000
    2    2    0    3    4    0.000000
    2    2    0    3    5    0.000000
    2    2    0    4    1    0.000000
    2    2    0    4    2    0.000000
    2    2    0    4    3    0.000000
    2    2    0    4    4    0.001000
    2    2    0    4    5    0.000000
    2    2    0    5    1    0.017000
    2    2    0    5    2    0.000000
    2    2    0    5    3    0.000000
    2    2    0    5    4    0.000000
    2    2    0    5    5   -0.028000
