   0.000   0.141
   0.003   0.141
   0.007   0.141
   0.010   0.141
   0.014   0.141
   0.017   0.142
   0.020   0.142
   0.024   0.142
   0.027   0.142
   0.031   0.142
   0.034   0.143
   0.038   0.143
   0.041   0.143
   0.044   0.144
   0.048   0.144
   0.051   0.145
   0.055   0.146
   0.058   0.147
   0.061   0.148
   0.065   0.149
   0.068   0.150
   0.072   0.151
   0.075   0.153
   0.079   0.154
   0.082   0.155
   0.085   0.157
   0.089   0.158
   0.092   0.160
   0.096   0.161
   0.099   0.162
   0.102   0.163
   0.134   0.165
   0.166   0.171
   0.197   0.181
   0.229   0.193
   0.260   0.207
   0.292   0.222
   0.323   0.235
   0.355   0.243
   0.387   0.246
   0.418   0.243
   0.450   0.237
   0.481   0.227
   0.513   0.213
   0.544   0.197
   0.576   0.179
   0.607   0.161
   0.639   0.144
   0.671   0.129
   0.702   0.115
   0.734   0.104
   0.765   0.095
   0.797   0.088
   0.828   0.082
   0.860   0.078
   0.892   0.074
   0.923   0.070
   0.955   0.065
   0.986   0.060
   1.018   0.052
   1.049   0.043
   1.053   0.036
   1.056   0.028
   1.060   0.020
   1.063   0.013
   1.066   0.005
   1.070  -0.003
   1.073  -0.011
   1.077  -0.018
   1.080  -0.026
   1.084  -0.033
   1.087  -0.041
   1.090  -0.048
   1.094  -0.055
   1.097  -0.062
   1.101  -0.068
   1.104  -0.075
   1.107  -0.081
   1.111  -0.086
   1.114  -0.092
   1.118  -0.097
   1.121  -0.101
   1.124  -0.105
   1.128  -0.109
   1.131  -0.112
   1.135  -0.115
   1.138  -0.117
   1.142  -0.119
   1.145  -0.120
   1.148  -0.121
   1.152  -0.121
   1.156  -0.119
   1.160  -0.116
   1.164  -0.113
   1.168  -0.110
   1.172  -0.106
   1.176  -0.102
   1.180  -0.098
   1.185  -0.094
   1.189  -0.089
   1.193  -0.084
   1.197  -0.079
   1.201  -0.074
   1.205  -0.069
   1.209  -0.063
   1.213  -0.058
   1.217  -0.052
   1.221  -0.046
   1.226  -0.040
   1.230  -0.034
   1.234  -0.029
   1.238  -0.023
   1.242  -0.017
   1.246  -0.011
   1.250  -0.006
   1.254  -0.000
   1.258   0.005
   1.262   0.009
   1.267   0.013
   1.271   0.016
   1.275   0.016
   1.302   0.014
   1.329   0.009
   1.356   0.001
   1.383  -0.010
   1.409  -0.024
   1.436  -0.040
   1.463  -0.059
   1.490  -0.081
   1.517  -0.107
   1.544  -0.135
   1.571  -0.167
   1.598  -0.202
   1.625  -0.238
   1.652  -0.277
   1.679  -0.316
   1.706  -0.355
   1.733  -0.394
   1.760  -0.432
   1.787  -0.468
   1.814  -0.502
   1.841  -0.533
   1.868  -0.561
   1.895  -0.585
   1.922  -0.606
   1.949  -0.624
   1.976  -0.639
   2.002  -0.650
   2.029  -0.658
   2.056  -0.662
   2.083  -0.664
   2.087  -0.664
   2.090  -0.663
   2.094  -0.663
   2.097  -0.662
   2.100  -0.662
   2.104  -0.661
   2.107  -0.660
   2.111  -0.659
   2.114  -0.658
   2.117  -0.657
   2.121  -0.656
   2.124  -0.654
   2.128  -0.653
   2.131  -0.652
   2.135  -0.651
   2.138  -0.649
   2.141  -0.648
   2.145  -0.647
   2.148  -0.645
   2.152  -0.644
   2.155  -0.642
   2.158  -0.641
   2.162  -0.639
   2.165  -0.638
   2.169  -0.636
   2.172  -0.634
   2.176  -0.633
   2.179  -0.631
   2.182  -0.629
   2.186  -0.628
   2.202  -0.626
   2.219  -0.620
   2.235  -0.610
   2.252  -0.597
   2.269  -0.580
   2.285  -0.559
   2.302  -0.536
   2.318  -0.509
   2.335  -0.480
   2.351  -0.450
   2.368  -0.417
   2.384  -0.383
   2.401  -0.349
   2.418  -0.314
   2.434  -0.280
   2.451  -0.246
   2.467  -0.213
   2.484  -0.181
   2.500  -0.151
   2.517  -0.123
   2.533  -0.097
   2.550  -0.072
   2.566  -0.051
   2.583  -0.031
   2.600  -0.014
   2.616   0.001
   2.633   0.014
   2.649   0.026
   2.666   0.035
   2.682   0.043
   2.716   0.028
   2.750   0.012
   2.784  -0.005
   2.818  -0.022
   2.852  -0.039
   2.886  -0.057
   2.920  -0.074
   2.954  -0.090
   2.988  -0.106
   3.022  -0.120
   3.056  -0.132
   3.090  -0.141
   3.124  -0.148
   3.158  -0.152
   3.192  -0.153
   3.226  -0.150
   3.260  -0.144
   3.293  -0.133
   3.327  -0.119
   3.361  -0.101
   3.395  -0.079
   3.429  -0.054
   3.463  -0.026
   3.497   0.005
   3.531   0.038
   3.565   0.072
   3.599   0.099
   3.633   0.119
   3.667   0.135
   3.701   0.141

   0.000   0.177
   0.003   0.177
   0.007   0.178
   0.010   0.179
   0.014   0.181
   0.017   0.183
   0.020   0.185
   0.024   0.186
   0.027   0.185
   0.031   0.184
   0.034   0.183
   0.038   0.182
   0.041   0.181
   0.044   0.180
   0.048   0.179
   0.051   0.177
   0.055   0.176
   0.058   0.175
   0.061   0.174
   0.065   0.174
   0.068   0.173
   0.072   0.172
   0.075   0.171
   0.079   0.170
   0.082   0.169
   0.085   0.168
   0.089   0.168
   0.092   0.167
   0.096   0.166
   0.099   0.165
   0.102   0.164
   0.134   0.166
   0.166   0.171
   0.197   0.181
   0.229   0.193
   0.260   0.208
   0.292   0.222
   0.323   0.235
   0.355   0.244
   0.387   0.246
   0.418   0.244
   0.450   0.238
   0.481   0.227
   0.513   0.214
   0.544   0.198
   0.576   0.180
   0.607   0.162
   0.639   0.145
   0.671   0.129
   0.702   0.116
   0.734   0.104
   0.765   0.095
   0.797   0.088
   0.828   0.083
   0.860   0.078
   0.892   0.074
   0.923   0.070
   0.955   0.066
   0.986   0.060
   1.018   0.053
   1.049   0.044
   1.053   0.051
   1.056   0.059
   1.060   0.066
   1.063   0.073
   1.066   0.080
   1.070   0.087
   1.073   0.093
   1.077   0.100
   1.080   0.106
   1.084   0.112
   1.087   0.117
   1.090   0.122
   1.094   0.127
   1.097   0.132
   1.101   0.136
   1.104   0.140
   1.107   0.143
   1.111   0.146
   1.114   0.149
   1.118   0.151
   1.121   0.153
   1.124   0.154
   1.128   0.155
   1.131   0.156
   1.135   0.156
   1.138   0.156
   1.142   0.156
   1.145   0.156
   1.148   0.156
   1.152   0.156
   1.156   0.157
   1.160   0.157
   1.164   0.156
   1.168   0.155
   1.172   0.154
   1.176   0.152
   1.180   0.150
   1.185   0.147
   1.189   0.145
   1.193   0.141
   1.197   0.138
   1.201   0.134
   1.205   0.130
   1.209   0.126
   1.213   0.122
   1.217   0.117
   1.221   0.113
   1.226   0.108
   1.230   0.103
   1.234   0.098
   1.238   0.093
   1.242   0.088
   1.246   0.083
   1.250   0.078
   1.254   0.073
   1.258   0.069
   1.262   0.065
   1.267   0.061
   1.271   0.059
   1.275   0.058
   1.302   0.059
   1.329   0.062
   1.356   0.065
   1.383   0.069
   1.409   0.073
   1.436   0.078
   1.463   0.084
   1.490   0.091
   1.517   0.100
   1.544   0.111
   1.571   0.125
   1.598   0.140
   1.625   0.158
   1.652   0.113
   1.679   0.062
   1.706   0.007
   1.733  -0.050
   1.760  -0.109
   1.787  -0.169
   1.814  -0.229
   1.841  -0.287
   1.868  -0.344
   1.895  -0.397
   1.922  -0.445
   1.949  -0.488
   1.976  -0.525
   2.002  -0.554
   2.029  -0.576
   2.056  -0.589
   2.083  -0.593
   2.087  -0.593
   2.090  -0.594
   2.094  -0.594
   2.097  -0.594
   2.100  -0.595
   2.104  -0.595
   2.107  -0.596
   2.111  -0.597
   2.114  -0.597
   2.117  -0.598
   2.121  -0.599
   2.124  -0.600
   2.128  -0.601
   2.131  -0.603
   2.135  -0.604
   2.138  -0.605
   2.141  -0.607
   2.145  -0.608
   2.148  -0.609
   2.152  -0.611
   2.155  -0.612
   2.158  -0.614
   2.162  -0.615
   2.165  -0.617
   2.169  -0.618
   2.172  -0.620
   2.176  -0.622
   2.179  -0.624
   2.182  -0.625
   2.186  -0.627
   2.202  -0.625
   2.219  -0.619
   2.235  -0.609
   2.252  -0.596
   2.269  -0.579
   2.285  -0.558
   2.302  -0.535
   2.318  -0.509
   2.335  -0.480
   2.351  -0.449
   2.368  -0.417
   2.384  -0.383
   2.401  -0.349
   2.418  -0.314
   2.434  -0.279
   2.451  -0.245
   2.467  -0.212
   2.484  -0.181
   2.500  -0.150
   2.517  -0.122
   2.533  -0.096
   2.550  -0.072
   2.566  -0.050
   2.583  -0.031
   2.600  -0.013
   2.616   0.002
   2.633   0.015
   2.649   0.026
   2.666   0.036
   2.682   0.044
   2.716   0.044
   2.750   0.045
   2.784   0.046
   2.818   0.048
   2.852   0.051
   2.886   0.053
   2.920   0.055
   2.954   0.057
   2.988   0.058
   3.022   0.058
   3.056   0.057
   3.090   0.054
   3.124   0.051
   3.158   0.046
   3.192   0.040
   3.226   0.033
   3.260   0.027
   3.293   0.022
   3.327   0.019
   3.361   0.017
   3.395   0.019
   3.429   0.024
   3.463   0.032
   3.497   0.044
   3.531   0.060
   3.565   0.079
   3.599   0.108
   3.633   0.142
   3.667   0.172
   3.701   0.177

   0.000   0.189
   0.003   0.189
   0.007   0.188
   0.010   0.188
   0.014   0.188
   0.017   0.187
   0.020   0.186
   0.024   0.188
   0.027   0.191
   0.031   0.194
   0.034   0.198
   0.038   0.202
   0.041   0.206
   0.044   0.211
   0.048   0.216
   0.051   0.221
   0.055   0.227
   0.058   0.233
   0.061   0.240
   0.065   0.247
   0.068   0.254
   0.072   0.261
   0.075   0.268
   0.079   0.276
   0.082   0.284
   0.085   0.291
   0.089   0.298
   0.092   0.300
   0.096   0.301
   0.099   0.302
   0.102   0.304
   0.134   0.303
   0.166   0.302
   0.197   0.301
   0.229   0.302
   0.260   0.304
   0.292   0.308
   0.323   0.317
   0.355   0.330
   0.387   0.350
   0.418   0.372
   0.450   0.397
   0.481   0.420
   0.513   0.440
   0.544   0.455
   0.576   0.463
   0.607   0.465
   0.639   0.463
   0.671   0.460
   0.702   0.458
   0.734   0.457
   0.765   0.458
   0.797   0.461
   0.828   0.464
   0.860   0.468
   0.892   0.472
   0.923   0.472
   0.955   0.468
   0.986   0.457
   1.018   0.442
   1.049   0.423
   1.053   0.420
   1.056   0.416
   1.060   0.412
   1.063   0.407
   1.066   0.403
   1.070   0.398
   1.073   0.393
   1.077   0.388
   1.080   0.383
   1.084   0.379
   1.087   0.374
   1.090   0.370
   1.094   0.365
   1.097   0.362
   1.101   0.358
   1.104   0.355
   1.107   0.352
   1.111   0.350
   1.114   0.348
   1.118   0.346
   1.121   0.345
   1.124   0.344
   1.128   0.344
   1.131   0.344
   1.135   0.344
   1.138   0.344
   1.142   0.345
   1.145   0.345
   1.148   0.345
   1.152   0.345
   1.156   0.349
   1.160   0.352
   1.164   0.356
   1.168   0.361
   1.172   0.365
   1.176   0.370
   1.180   0.376
   1.185   0.381
   1.189   0.387
   1.193   0.393
   1.197   0.399
   1.201   0.405
   1.205   0.411
   1.209   0.416
   1.213   0.422
   1.217   0.422
   1.221   0.421
   1.226   0.420
   1.230   0.419
   1.234   0.418
   1.238   0.417
   1.242   0.417
   1.246   0.416
   1.250   0.415
   1.254   0.415
   1.258   0.414
   1.262   0.414
   1.267   0.414
   1.271   0.414
   1.275   0.414
   1.302   0.414
   1.329   0.415
   1.356   0.418
   1.383   0.421
   1.409   0.404
   1.436   0.384
   1.463   0.362
   1.490   0.337
   1.517   0.310
   1.544   0.279
   1.571   0.243
   1.598   0.204
   1.625   0.161
   1.652   0.176
   1.679   0.193
   1.706   0.207
   1.733   0.216
   1.760   0.214
   1.787   0.200
   1.814   0.176
   1.841   0.148
   1.868   0.118
   1.895   0.088
   1.922   0.061
   1.949   0.038
   1.976   0.017
   2.002   0.001
   2.029  -0.011
   2.056  -0.018
   2.083  -0.021
   2.087  -0.020
   2.090  -0.019
   2.094  -0.018
   2.097  -0.015
   2.100  -0.013
   2.104  -0.009
   2.107  -0.005
   2.111  -0.001
   2.114   0.004
   2.117   0.009
   2.121   0.015
   2.124   0.021
   2.128   0.028
   2.131   0.035
   2.135   0.043
   2.138   0.051
   2.141   0.059
   2.145   0.068
   2.148   0.077
   2.152   0.086
   2.155   0.096
   2.158   0.106
   2.162   0.116
   2.165   0.126
   2.169   0.136
   2.172   0.146
   2.176   0.156
   2.179   0.167
   2.182   0.177
   2.186   0.187
   2.202   0.187
   2.219   0.190
   2.235   0.194
   2.252   0.200
   2.269   0.208
   2.285   0.217
   2.302   0.228
   2.318   0.240
   2.335   0.255
   2.351   0.271
   2.368   0.288
   2.384   0.307
   2.401   0.326
   2.418   0.346
   2.434   0.366
   2.451   0.382
   2.467   0.393
   2.484   0.394
   2.500   0.387
   2.517   0.377
   2.533   0.369
   2.550   0.363
   2.566   0.361
   2.583   0.362
   2.600   0.367
   2.616   0.374
   2.633   0.384
   2.649   0.396
   2.666   0.409
   2.682   0.423
   2.716   0.405
   2.750   0.386
   2.784   0.367
   2.818   0.350
   2.852   0.334
   2.886   0.320
   2.920   0.309
   2.954   0.298
   2.988   0.288
   3.022   0.276
   3.056   0.263
   3.090   0.248
   3.124   0.232
   3.158   0.216
   3.192   0.201
   3.226   0.188
   3.260   0.177
   3.293   0.169
   3.327   0.163
   3.361   0.160
   3.395   0.159
   3.429   0.160
   3.463   0.161
   3.497   0.164
   3.531   0.167
   3.565   0.170
   3.599   0.173
   3.633   0.176
   3.667   0.178
   3.701   0.189

   0.000   0.276
   0.003   0.276
   0.007   0.276
   0.010   0.276
   0.014   0.276
   0.017   0.276
   0.020   0.276
   0.024   0.276
   0.027   0.277
   0.031   0.277
   0.034   0.278
   0.038   0.278
   0.041   0.279
   0.044   0.280
   0.048   0.281
   0.051   0.283
   0.055   0.284
   0.058   0.285
   0.061   0.287
   0.065   0.288
   0.068   0.290
   0.072   0.291
   0.075   0.293
   0.079   0.294
   0.082   0.295
   0.085   0.297
   0.089   0.299
   0.092   0.307
   0.096   0.306
   0.099   0.305
   0.102   0.304
   0.134   0.303
   0.166   0.302
   0.197   0.301
   0.229   0.302
   0.260   0.304
   0.292   0.309
   0.323   0.317
   0.355   0.331
   0.387   0.350
   0.418   0.373
   0.450   0.397
   0.481   0.420
   0.513   0.440
   0.544   0.455
   0.576   0.463
   0.607   0.465
   0.639   0.463
   0.671   0.460
   0.702   0.458
   0.734   0.457
   0.765   0.458
   0.797   0.461
   0.828   0.465
   0.860   0.469
   0.892   0.472
   0.923   0.472
   0.955   0.468
   0.986   0.458
   1.018   0.442
   1.049   0.423
   1.053   0.427
   1.056   0.430
   1.060   0.432
   1.063   0.435
   1.066   0.437
   1.070   0.439
   1.073   0.441
   1.077   0.443
   1.080   0.444
   1.084   0.445
   1.087   0.447
   1.090   0.448
   1.094   0.449
   1.097   0.449
   1.101   0.450
   1.104   0.451
   1.107   0.451
   1.111   0.452
   1.114   0.452
   1.118   0.452
   1.121   0.453
   1.124   0.452
   1.128   0.449
   1.131   0.446
   1.135   0.443
   1.138   0.441
   1.142   0.439
   1.145   0.437
   1.148   0.436
   1.152   0.436
   1.156   0.436
   1.160   0.435
   1.164   0.434
   1.168   0.434
   1.172   0.433
   1.176   0.432
   1.180   0.431
   1.185   0.430
   1.189   0.429
   1.193   0.428
   1.197   0.427
   1.201   0.426
   1.205   0.425
   1.209   0.424
   1.213   0.423
   1.217   0.427
   1.221   0.432
   1.226   0.436
   1.230   0.440
   1.234   0.443
   1.238   0.445
   1.242   0.447
   1.246   0.449
   1.250   0.450
   1.254   0.451
   1.258   0.452
   1.262   0.453
   1.267   0.453
   1.271   0.454
   1.275   0.454
   1.302   0.452
   1.329   0.445
   1.356   0.435
   1.383   0.421
   1.409   0.425
   1.436   0.430
   1.463   0.437
   1.490   0.444
   1.517   0.453
   1.544   0.444
   1.571   0.438
   1.598   0.436
   1.625   0.441
   1.652   0.453
   1.679   0.472
   1.706   0.437
   1.733   0.404
   1.760   0.380
   1.787   0.366
   1.814   0.361
   1.841   0.362
   1.868   0.365
   1.895   0.368
   1.922   0.371
   1.949   0.374
   1.976   0.376
   2.002   0.378
   2.029   0.379
   2.056   0.380
   2.083   0.380
   2.087   0.380
   2.090   0.379
   2.094   0.378
   2.097   0.376
   2.100   0.374
   2.104   0.371
   2.107   0.368
   2.111   0.364
   2.114   0.359
   2.117   0.354
   2.121   0.349
   2.124   0.343
   2.128   0.337
   2.131   0.330
   2.135   0.323
   2.138   0.316
   2.141   0.309
   2.145   0.301
   2.148   0.293
   2.152   0.284
   2.155   0.276
   2.158   0.267
   2.162   0.257
   2.165   0.248
   2.169   0.238
   2.172   0.228
   2.176   0.218
   2.179   0.208
   2.182   0.197
   2.186   0.188
   2.202   0.189
   2.219   0.191
   2.235   0.195
   2.252   0.201
   2.269   0.209
   2.285   0.218
   2.302   0.229
   2.318   0.241
   2.335   0.256
   2.351   0.271
   2.368   0.289
   2.384   0.307
   2.401   0.327
   2.418   0.347
   2.434   0.366
   2.451   0.383
   2.467   0.393
   2.484   0.394
   2.500   0.387
   2.517   0.378
   2.533   0.369
   2.550   0.364
   2.566   0.361
   2.583   0.363
   2.600   0.367
   2.616   0.374
   2.633   0.384
   2.649   0.396
   2.666   0.410
   2.682   0.423
   2.716   0.413
   2.750   0.403
   2.784   0.394
   2.818   0.388
   2.852   0.384
   2.886   0.384
   2.920   0.389
   2.954   0.397
   2.988   0.410
   3.022   0.426
   3.056   0.442
   3.090   0.450
   3.124   0.450
   3.158   0.446
   3.192   0.443
   3.226   0.443
   3.260   0.444
   3.293   0.448
   3.327   0.453
   3.361   0.459
   3.395   0.465
   3.429   0.470
   3.463   0.470
   3.497   0.458
   3.531   0.431
   3.565   0.396
   3.599   0.359
   3.633   0.323
   3.667   0.291
   3.701   0.276

   0.000   0.331
   0.003   0.331
   0.007   0.330
   0.010   0.330
   0.014   0.329
   0.017   0.329
   0.020   0.328
   0.024   0.327
   0.027   0.326
   0.031   0.324
   0.034   0.323
   0.038   0.322
   0.041   0.321
   0.044   0.320
   0.048   0.319
   0.051   0.318
   0.055   0.317
   0.058   0.316
   0.061   0.315
   0.065   0.314
   0.068   0.313
   0.072   0.313
   0.075   0.312
   0.079   0.311
   0.082   0.310
   0.085   0.309
   0.089   0.308
   0.092   0.307
   0.096   0.315
   0.099   0.323
   0.102   0.330
   0.134   0.333
   0.166   0.341
   0.197   0.353
   0.229   0.368
   0.260   0.387
   0.292   0.409
   0.323   0.434
   0.355   0.462
   0.387   0.490
   0.418   0.519
   0.450   0.546
   0.481   0.569
   0.513   0.587
   0.544   0.601
   0.576   0.611
   0.607   0.618
   0.639   0.622
   0.671   0.625
   0.702   0.628
   0.734   0.629
   0.765   0.627
   0.797   0.622
   0.828   0.614
   0.860   0.604
   0.892   0.593
   0.923   0.582
   0.955   0.573
   0.986   0.570
   1.018   0.570
   1.049   0.572
   1.053   0.565
   1.056   0.558
   1.060   0.552
   1.063   0.545
   1.066   0.539
   1.070   0.532
   1.073   0.526
   1.077   0.520
   1.080   0.514
   1.084   0.509
   1.087   0.503
   1.090   0.498
   1.094   0.493
   1.097   0.488
   1.101   0.483
   1.104   0.478
   1.107   0.473
   1.111   0.468
   1.114   0.464
   1.118   0.460
   1.121   0.456
   1.124   0.453
   1.128   0.453
   1.131   0.453
   1.135   0.453
   1.138   0.453
   1.142   0.453
   1.145   0.453
   1.148   0.453
   1.152   0.453
   1.156   0.454
   1.160   0.456
   1.164   0.457
   1.168   0.459
   1.172   0.461
   1.176   0.462
   1.180   0.464
   1.185   0.466
   1.189   0.468
   1.193   0.470
   1.197   0.472
   1.201   0.474
   1.205   0.477
   1.209   0.480
   1.213   0.484
   1.217   0.488
   1.221   0.493
   1.226   0.498
   1.230   0.504
   1.234   0.511
   1.238   0.519
   1.242   0.527
   1.246   0.536
   1.250   0.545
   1.254   0.554
   1.258   0.560
   1.262   0.559
   1.267   0.558
   1.271   0.557
   1.275   0.557
   1.302   0.557
   1.329   0.556
   1.356   0.554
   1.383   0.537
   1.409   0.520
   1.436   0.503
   1.463   0.486
   1.490   0.470
   1.517   0.456
   1.544   0.463
   1.571   0.474
   1.598   0.487
   1.625   0.498
   1.652   0.497
   1.679   0.473
   1.706   0.501
   1.733   0.537
   1.760   0.580
   1.787   0.629
   1.814   0.637
   1.841   0.624
   1.868   0.611
   1.895   0.599
   1.922   0.589
   1.949   0.580
   1.976   0.572
   2.002   0.566
   2.029   0.562
   2.056   0.560
   2.083   0.559
   2.087   0.559
   2.090   0.560
   2.094   0.561
   2.097   0.564
   2.100   0.566
   2.104   0.570
   2.107   0.574
   2.111   0.579
   2.114   0.584
   2.117   0.591
   2.121   0.597
   2.124   0.605
   2.128   0.612
   2.131   0.620
   2.135   0.629
   2.138   0.637
   2.141   0.646
   2.145   0.655
   2.148   0.665
   2.152   0.674
   2.155   0.684
   2.158   0.694
   2.162   0.704
   2.165   0.714
   2.169   0.725
   2.172   0.735
   2.176   0.745
   2.179   0.755
   2.182   0.765
   2.186   0.774
   2.202   0.774
   2.219   0.774
   2.235   0.773
   2.252   0.771
   2.269   0.769
   2.285   0.766
   2.302   0.763
   2.318   0.758
   2.335   0.752
   2.351   0.740
   2.368   0.719
   2.384   0.685
   2.401   0.643
   2.418   0.601
   2.434   0.564
   2.451   0.534
   2.467   0.515
   2.484   0.511
   2.500   0.519
   2.517   0.532
   2.533   0.545
   2.550   0.557
   2.566   0.566
   2.583   0.572
   2.600   0.575
   2.616   0.576
   2.633   0.576
   2.649   0.575
   2.666   0.573
   2.682   0.572
   2.716   0.566
   2.750   0.559
   2.784   0.550
   2.818   0.540
   2.852   0.529
   2.886   0.518
   2.920   0.508
   2.954   0.500
   2.988   0.497
   3.022   0.498
   3.056   0.505
   3.090   0.519
   3.124   0.546
   3.158   0.583
   3.192   0.625
   3.226   0.658
   3.260   0.658
   3.293   0.647
   3.327   0.632
   3.361   0.615
   3.395   0.595
   3.429   0.570
   3.463   0.543
   3.497   0.515
   3.531   0.478
   3.565   0.437
   3.599   0.398
   3.633   0.364
   3.667   0.340
   3.701   0.331

   0.000   0.533
   0.003   0.532
   0.007   0.531
   0.010   0.528
   0.014   0.524
   0.017   0.520
   0.020   0.514
   0.024   0.509
   0.027   0.502
   0.031   0.496
   0.034   0.489
   0.038   0.482
   0.041   0.475
   0.044   0.467
   0.048   0.460
   0.051   0.452
   0.055   0.445
   0.058   0.437
   0.061   0.429
   0.065   0.421
   0.068   0.413
   0.072   0.405
   0.075   0.397
   0.079   0.388
   0.082   0.380
   0.085   0.372
   0.089   0.364
   0.092   0.355
   0.096   0.347
   0.099   0.339
   0.102   0.332
   0.134   0.335
   0.166   0.342
   0.197   0.354
   0.229   0.369
   0.260   0.388
   0.292   0.410
   0.323   0.435
   0.355   0.462
   0.387   0.491
   0.418   0.519
   0.450   0.546
   0.481   0.569
   0.513   0.588
   0.544   0.601
   0.576   0.612
   0.607   0.619
   0.639   0.622
   0.671   0.625
   0.702   0.628
   0.734   0.629
   0.765   0.628
   0.797   0.623
   0.828   0.615
   0.860   0.604
   0.892   0.593
   0.923   0.582
   0.955   0.574
   0.986   0.570
   1.018   0.570
   1.049   0.572
   1.053   0.579
   1.056   0.585
   1.060   0.591
   1.063   0.597
   1.066   0.603
   1.070   0.608
   1.073   0.612
   1.077   0.616
   1.080   0.619
   1.084   0.621
   1.087   0.622
   1.090   0.623
   1.094   0.623
   1.097   0.623
   1.101   0.622
   1.104   0.621
   1.107   0.621
   1.111   0.619
   1.114   0.618
   1.118   0.617
   1.121   0.616
   1.124   0.615
   1.128   0.615
   1.131   0.614
   1.135   0.613
   1.138   0.613
   1.142   0.612
   1.145   0.612
   1.148   0.612
   1.152   0.612
   1.156   0.611
   1.160   0.610
   1.164   0.610
   1.168   0.609
   1.172   0.608
   1.176   0.607
   1.180   0.606
   1.185   0.605
   1.189   0.603
   1.193   0.601
   1.197   0.599
   1.201   0.597
   1.205   0.594
   1.209   0.592
   1.213   0.589
   1.217   0.586
   1.221   0.583
   1.226   0.580
   1.230   0.577
   1.234   0.574
   1.238   0.571
   1.242   0.569
   1.246   0.566
   1.250   0.564
   1.254   0.562
   1.258   0.563
   1.262   0.573
   1.267   0.582
   1.271   0.592
   1.275   0.600
   1.302   0.586
   1.329   0.570
   1.356   0.556
   1.383   0.557
   1.409   0.559
   1.436   0.564
   1.463   0.573
   1.490   0.585
   1.517   0.601
   1.544   0.618
   1.571   0.630
   1.598   0.620
   1.625   0.591
   1.652   0.571
   1.679   0.579
   1.706   0.605
   1.733   0.640
   1.760   0.672
   1.787   0.660
   1.814   0.695
   1.841   0.757
   1.868   0.823
   1.895   0.883
   1.922   0.882
   1.949   0.866
   1.976   0.852
   2.002   0.841
   2.029   0.833
   2.056   0.828
   2.083   0.826
   2.087   0.826
   2.090   0.827
   2.094   0.827
   2.097   0.828
   2.100   0.828
   2.104   0.829
   2.107   0.831
   2.111   0.832
   2.114   0.834
   2.117   0.836
   2.121   0.838
   2.124   0.840
   2.128   0.843
   2.131   0.846
   2.135   0.849
   2.138   0.852
   2.141   0.856
   2.145   0.859
   2.148   0.863
   2.152   0.867
   2.155   0.859
   2.158   0.850
   2.162   0.841
   2.165   0.832
   2.169   0.823
   2.172   0.814
   2.176   0.804
   2.179   0.795
   2.182   0.785
   2.186   0.776
   2.202   0.776
   2.219   0.775
   2.235   0.774
   2.252   0.772
   2.269   0.770
   2.285   0.768
   2.302   0.764
   2.318   0.760
   2.335   0.753
   2.351   0.742
   2.368   0.721
   2.384   0.686
   2.401   0.644
   2.418   0.602
   2.434   0.565
   2.451   0.535
   2.467   0.516
   2.484   0.512
   2.500   0.519
   2.517   0.532
   2.533   0.546
   2.550   0.558
   2.566   0.567
   2.583   0.573
   2.600   0.576
   2.616   0.577
   2.633   0.577
   2.649   0.576
   2.666   0.574
   2.682   0.572
   2.716   0.579
   2.750   0.585
   2.784   0.587
   2.818   0.587
   2.852   0.584
   2.886   0.578
   2.920   0.567
   2.954   0.554
   2.988   0.540
   3.022   0.530
   3.056   0.529
   3.090   0.545
   3.124   0.573
   3.158   0.609
   3.192   0.652
   3.226   0.694
   3.260   0.734
   3.293   0.754
   3.327   0.734
   3.361   0.702
   3.395   0.666
   3.429   0.625
   3.463   0.582
   3.497   0.546
   3.531   0.533
   3.565   0.531
   3.599   0.532
   3.633   0.532
   3.667   0.533
   3.701   0.533

   0.000   0.601
   0.003   0.602
   0.007   0.603
   0.010   0.606
   0.014   0.610
   0.017   0.614
   0.020   0.619
   0.024   0.624
   0.027   0.630
   0.031   0.636
   0.034   0.642
   0.038   0.649
   0.041   0.655
   0.044   0.661
   0.048   0.668
   0.051   0.674
   0.055   0.681
   0.058   0.688
   0.061   0.695
   0.065   0.702
   0.068   0.709
   0.072   0.716
   0.075   0.724
   0.079   0.731
   0.082   0.739
   0.085   0.747
   0.089   0.754
   0.092   0.762
   0.096   0.769
   0.099   0.776
   0.102   0.783
   0.134   0.784
   0.166   0.787
   0.197   0.792
   0.229   0.799
   0.260   0.808
   0.292   0.818
   0.323   0.831
   0.355   0.844
   0.387   0.852
   0.418   0.820
   0.450   0.764
   0.481   0.714
   0.513   0.673
   0.544   0.645
   0.576   0.629
   0.607   0.625
   0.639   0.632
   0.671   0.641
   0.702   0.651
   0.734   0.662
   0.765   0.673
   0.797   0.684
   0.828   0.694
   0.860   0.702
   0.892   0.709
   0.923   0.714
   0.955   0.717
   0.986   0.719
   1.018   0.721
   1.049   0.724
   1.053   0.721
   1.056   0.719
   1.060   0.717
   1.063   0.716
   1.066   0.715
   1.070   0.716
   1.073   0.716
   1.077   0.718
   1.080   0.721
   1.084   0.724
   1.087   0.728
   1.090   0.733
   1.094   0.738
   1.097   0.744
   1.101   0.750
   1.104   0.756
   1.107   0.763
   1.111   0.769
   1.114   0.775
   1.118   0.781
   1.121   0.787
   1.124   0.793
   1.128   0.798
   1.131   0.802
   1.135   0.804
   1.138   0.805
   1.142   0.806
   1.145   0.807
   1.148   0.807
   1.152   0.807
   1.156   0.807
   1.160   0.805
   1.164   0.803
   1.168   0.800
   1.172   0.796
   1.176   0.792
   1.180   0.787
   1.185   0.782
   1.189   0.777
   1.193   0.771
   1.197   0.765
   1.201   0.759
   1.205   0.752
   1.209   0.745
   1.213   0.738
   1.217   0.730
   1.221   0.722
   1.226   0.714
   1.230   0.706
   1.234   0.697
   1.238   0.688
   1.242   0.679
   1.246   0.670
   1.250   0.661
   1.254   0.651
   1.258   0.642
   1.262   0.632
   1.267   0.622
   1.271   0.612
   1.275   0.605
   1.302   0.618
   1.329   0.634
   1.356   0.649
   1.383   0.663
   1.409   0.676
   1.436   0.688
   1.463   0.699
   1.490   0.707
   1.517   0.715
   1.544   0.721
   1.571   0.726
   1.598   0.728
   1.625   0.727
   1.652   0.722
   1.679   0.713
   1.706   0.701
   1.733   0.687
   1.760   0.684
   1.787   0.735
   1.814   0.792
   1.841   0.854
   1.868   0.913
   1.895   0.900
   1.922   0.921
   1.949   0.937
   1.976   0.945
   2.002   0.950
   2.029   0.954
   2.056   0.956
   2.083   0.957
   2.087   0.956
   2.090   0.956
   2.094   0.954
   2.097   0.952
   2.100   0.950
   2.104   0.947
   2.107   0.944
   2.111   0.941
   2.114   0.937
   2.117   0.932
   2.121   0.928
   2.124   0.922
   2.128   0.917
   2.131   0.911
   2.135   0.904
   2.138   0.898
   2.141   0.890
   2.145   0.883
   2.148   0.875
   2.152   0.867
   2.155   0.871
   2.158   0.875
   2.162   0.879
   2.165   0.883
   2.169   0.888
   2.172   0.892
   2.176   0.896
   2.179   0.901
   2.182   0.905
   2.186   0.909
   2.202   0.910
   2.219   0.913
   2.235   0.919
   2.252   0.926
   2.269   0.934
   2.285   0.944
   2.302   0.954
   2.318   0.949
   2.335   0.906
   2.351   0.855
   2.368   0.814
   2.384   0.790
   2.401   0.776
   2.418   0.768
   2.434   0.762
   2.451   0.757
   2.467   0.753
   2.484   0.750
   2.500   0.747
   2.517   0.746
   2.533   0.745
   2.550   0.745
   2.566   0.744
   2.583   0.742
   2.600   0.740
   2.616   0.736
   2.633   0.732
   2.649   0.729
   2.666   0.726
   2.682   0.724
   2.716   0.723
   2.750   0.724
   2.784   0.725
   2.818   0.726
   2.852   0.729
   2.886   0.733
   2.920   0.740
   2.954   0.749
   2.988   0.758
   3.022   0.755
   3.056   0.746
   3.090   0.735
   3.124   0.723
   3.158   0.711
   3.192   0.702
   3.226   0.709
   3.260   0.746
   3.293   0.770
   3.327   0.757
   3.361   0.723
   3.395   0.685
   3.429   0.655
   3.463   0.635
   3.497   0.622
   3.531   0.613
   3.565   0.607
   3.599   0.603
   3.633   0.602
   3.667   0.601
   3.701   0.601

   0.000   0.926
   0.003   0.926
   0.007   0.925
   0.010   0.923
   0.014   0.921
   0.017   0.919
   0.020   0.916
   0.024   0.913
   0.027   0.910
   0.031   0.906
   0.034   0.902
   0.038   0.898
   0.041   0.894
   0.044   0.889
   0.048   0.885
   0.051   0.880
   0.055   0.875
   0.058   0.870
   0.061   0.864
   0.065   0.858
   0.068   0.852
   0.072   0.846
   0.075   0.839
   0.079   0.832
   0.082   0.825
   0.085   0.819
   0.089   0.812
   0.092   0.805
   0.096   0.798
   0.099   0.791
   0.102   0.784
   0.134   0.785
   0.166   0.788
   0.197   0.793
   0.229   0.800
   0.260   0.809
   0.292   0.820
   0.323   0.833
   0.355   0.846
   0.387   0.853
   0.418   0.820
   0.450   0.764
   0.481   0.714
   0.513   0.673
   0.544   0.645
   0.576   0.630
   0.607   0.626
   0.639   0.632
   0.671   0.641
   0.702   0.651
   0.734   0.662
   0.765   0.673
   0.797   0.684
   0.828   0.694
   0.860   0.703
   0.892   0.709
   0.923   0.714
   0.955   0.717
   0.986   0.719
   1.018   0.721
   1.049   0.724
   1.053   0.727
   1.056   0.730
   1.060   0.733
   1.063   0.737
   1.066   0.740
   1.070   0.744
   1.073   0.748
   1.077   0.752
   1.080   0.756
   1.084   0.760
   1.087   0.764
   1.090   0.768
   1.094   0.772
   1.097   0.775
   1.101   0.779
   1.104   0.782
   1.107   0.785
   1.111   0.789
   1.114   0.791
   1.118   0.794
   1.121   0.797
   1.124   0.799
   1.128   0.801
   1.131   0.803
   1.135   0.808
   1.138   0.812
   1.142   0.815
   1.145   0.818
   1.148   0.819
   1.152   0.820
   1.156   0.819
   1.160   0.818
   1.164   0.818
   1.168   0.818
   1.172   0.818
   1.176   0.817
   1.180   0.817
   1.185   0.816
   1.189   0.815
   1.193   0.813
   1.197   0.812
   1.201   0.811
   1.205   0.809
   1.209   0.807
   1.213   0.805
   1.217   0.804
   1.221   0.802
   1.226   0.800
   1.230   0.798
   1.234   0.796
   1.238   0.795
   1.242   0.793
   1.246   0.792
   1.250   0.791
   1.254   0.789
   1.258   0.789
   1.262   0.788
   1.267   0.787
   1.271   0.787
   1.275   0.787
   1.302   0.787
   1.329   0.786
   1.356   0.784
   1.383   0.783
   1.409   0.783
   1.436   0.785
   1.463   0.788
   1.490   0.794
   1.517   0.802
   1.544   0.769
   1.571   0.739
   1.598   0.738
   1.625   0.765
   1.652   0.805
   1.679   0.852
   1.706   0.901
   1.733   0.935
   1.760   0.936
   1.787   0.939
   1.814   0.943
   1.841   0.942
   1.868   0.928
   1.895   0.972
   1.922   1.001
   1.949   1.014
   1.976   1.010
   2.002   1.003
   2.029   0.998
   2.056   0.994
   2.083   0.993
   2.087   0.993
   2.090   0.992
   2.094   0.992
   2.097   0.991
   2.100   0.990
   2.104   0.989
   2.107   0.987
   2.111   0.985
   2.114   0.983
   2.117   0.981
   2.121   0.979
   2.124   0.976
   2.128   0.974
   2.131   0.971
   2.135   0.968
   2.138   0.964
   2.141   0.961
   2.145   0.957
   2.148   0.954
   2.152   0.950
   2.155   0.946
   2.158   0.943
   2.162   0.939
   2.165   0.935
   2.169   0.931
   2.172   0.926
   2.176   0.922
   2.179   0.918
   2.182   0.914
   2.186   0.910
   2.202   0.911
   2.219   0.914
   2.235   0.919
   2.252   0.926
   2.269   0.935
   2.285   0.945
   2.302   0.955
   2.318   0.950
   2.335   0.906
   2.351   0.856
   2.368   0.815
   2.384   0.790
   2.401   0.777
   2.418   0.769
   2.434   0.763
   2.451   0.758
   2.467   0.754
   2.484   0.750
   2.500   0.747
   2.517   0.746
   2.533   0.745
   2.550   0.745
   2.566   0.744
   2.583   0.743
   2.600   0.740
   2.616   0.736
   2.633   0.733
   2.649   0.729
   2.666   0.726
   2.682   0.724
   2.716   0.729
   2.750   0.735
   2.784   0.742
   2.818   0.749
   2.852   0.756
   2.886   0.762
   2.920   0.766
   2.954   0.768
   2.988   0.770
   3.022   0.782
   3.056   0.801
   3.090   0.821
   3.124   0.840
   3.158   0.858
   3.192   0.868
   3.226   0.863
   3.260   0.849
   3.293   0.856
   3.327   0.892
   3.361   0.926
   3.395   0.937
   3.429   0.938
   3.463   0.938
   3.497   0.936
   3.531   0.934
   3.565   0.931
   3.599   0.929
   3.633   0.927
   3.667   0.926
   3.701   0.926

   0.000   1.445
   0.003   1.445
   0.007   1.445
   0.010   1.445
   0.014   1.445
   0.017   1.445
   0.020   1.445
   0.024   1.445
   0.027   1.445
   0.031   1.445
   0.034   1.445
   0.038   1.445
   0.041   1.445
   0.044   1.445
   0.048   1.445
   0.051   1.445
   0.055   1.445
   0.058   1.445
   0.061   1.445
   0.065   1.445
   0.068   1.445
   0.072   1.445
   0.075   1.445
   0.079   1.445
   0.082   1.445
   0.085   1.445
   0.089   1.445
   0.092   1.445
   0.096   1.445
   0.099   1.445
   0.102   1.445
   0.134   1.434
   0.166   1.403
   0.197   1.353
   0.229   1.290
   0.260   1.218
   0.292   1.141
   0.323   1.061
   0.355   0.985
   0.387   0.920
   0.418   0.903
   0.450   0.917
   0.481   0.921
   0.513   0.909
   0.544   0.904
   0.576   0.908
   0.607   0.920
   0.639   0.937
   0.671   0.957
   0.702   0.979
   0.734   1.000
   0.765   1.020
   0.797   1.036
   0.828   1.050
   0.860   1.059
   0.892   1.063
   0.923   1.061
   0.955   1.054
   0.986   1.041
   1.018   1.023
   1.049   0.999
   1.053   0.995
   1.056   0.991
   1.060   0.987
   1.063   0.983
   1.066   0.978
   1.070   0.974
   1.073   0.970
   1.077   0.966
   1.080   0.961
   1.084   0.957
   1.087   0.953
   1.090   0.949
   1.094   0.944
   1.097   0.940
   1.101   0.936
   1.104   0.932
   1.107   0.928
   1.111   0.924
   1.114   0.920
   1.118   0.916
   1.121   0.912
   1.124   0.908
   1.128   0.905
   1.131   0.901
   1.135   0.898
   1.138   0.895
   1.142   0.893
   1.145   0.891
   1.148   0.890
   1.152   0.890
   1.156   0.895
   1.160   0.900
   1.164   0.905
   1.168   0.910
   1.172   0.916
   1.176   0.922
   1.180   0.928
   1.185   0.934
   1.189   0.940
   1.193   0.946
   1.197   0.953
   1.201   0.960
   1.205   0.967
   1.209   0.974
   1.213   0.980
   1.217   0.987
   1.221   0.994
   1.226   1.001
   1.230   1.007
   1.234   1.013
   1.238   1.019
   1.242   1.024
   1.246   1.029
   1.250   1.033
   1.254   1.037
   1.258   1.040
   1.262   1.043
   1.267   1.045
   1.271   1.046
   1.275   1.046
   1.302   1.043
   1.329   1.032
   1.356   1.016
   1.383   0.993
   1.409   0.964
   1.436   0.931
   1.463   0.893
   1.490   0.852
   1.517   0.810
   1.544   0.814
   1.571   0.829
   1.598   0.848
   1.625   0.871
   1.652   0.900
   1.679   0.931
   1.706   0.936
   1.733   0.948
   1.760   0.977
   1.787   0.977
   1.814   0.962
   1.841   0.948
   1.868   0.956
   1.895   0.990
   1.922   1.057
   1.949   1.094
   1.976   1.153
   2.002   1.209
   2.029   1.255
   2.056   1.285
   2.083   1.295
   2.087   1.295
   2.090   1.296
   2.094   1.296
   2.097   1.296
   2.100   1.296
   2.104   1.296
   2.107   1.296
   2.111   1.297
   2.114   1.297
   2.117   1.297
   2.121   1.298
   2.124   1.298
   2.128   1.298
   2.131   1.299
   2.135   1.299
   2.138   1.299
   2.141   1.300
   2.145   1.300
   2.148   1.301
   2.152   1.301
   2.155   1.302
   2.158   1.303
   2.162   1.303
   2.165   1.304
   2.169   1.305
   2.172   1.305
   2.176   1.306
   2.179   1.307
   2.182   1.307
   2.186   1.308
   2.202   1.300
   2.219   1.279
   2.235   1.246
   2.252   1.203
   2.269   1.152
   2.285   1.096
   2.302   1.040
   2.318   0.998
   2.335   0.999
   2.351   1.013
   2.368   1.029
   2.384   1.047
   2.401   1.062
   2.418   1.068
   2.434   1.049
   2.451   1.017
   2.467   0.983
   2.484   0.952
   2.500   0.925
   2.517   0.904
   2.533   0.889
   2.550   0.881
   2.566   0.881
   2.583   0.888
   2.600   0.901
   2.616   0.919
   2.633   0.939
   2.649   0.960
   2.666   0.980
   2.682   0.999
   2.716   0.977
   2.750   0.954
   2.784   0.932
   2.818   0.911
   2.852   0.893
   2.886   0.877
   2.920   0.866
   2.954   0.861
   2.988   0.861
   3.022   0.867
   3.056   0.877
   3.090   0.887
   3.124   0.895
   3.158   0.896
   3.192   0.889
   3.226   0.879
   3.260   0.869
   3.293   0.873
   3.327   0.917
   3.361   0.978
   3.395   1.043
   3.429   1.110
   3.463   1.176
   3.497   1.238
   3.531   1.295
   3.565   1.346
   3.599   1.387
   3.633   1.419
   3.667   1.438
   3.701   1.445

   0.000   1.450
   0.003   1.450
   0.007   1.450
   0.010   1.450
   0.014   1.450
   0.017   1.450
   0.020   1.450
   0.024   1.450
   0.027   1.449
   0.031   1.449
   0.034   1.449
   0.038   1.449
   0.041   1.449
   0.044   1.449
   0.048   1.449
   0.051   1.449
   0.055   1.448
   0.058   1.448
   0.061   1.448
   0.065   1.447
   0.068   1.447
   0.072   1.447
   0.075   1.446
   0.079   1.446
   0.082   1.446
   0.085   1.446
   0.089   1.446
   0.092   1.445
   0.096   1.445
   0.099   1.445
   0.102   1.445
   0.134   1.435
   0.166   1.403
   0.197   1.354
   0.229   1.291
   0.260   1.218
   0.292   1.141
   0.323   1.061
   0.355   0.985
   0.387   0.920
   0.418   0.904
   0.450   0.918
   0.481   0.921
   0.513   0.909
   0.544   0.904
   0.576   0.908
   0.607   0.920
   0.639   0.937
   0.671   0.958
   0.702   0.979
   0.734   1.000
   0.765   1.020
   0.797   1.037
   0.828   1.050
   0.860   1.059
   0.892   1.063
   0.923   1.061
   0.955   1.054
   0.986   1.041
   1.018   1.023
   1.049   1.000
   1.053   1.004
   1.056   1.008
   1.060   1.012
   1.063   1.016
   1.066   1.020
   1.070   1.025
   1.073   1.029
   1.077   1.032
   1.080   1.036
   1.084   1.040
   1.087   1.043
   1.090   1.047
   1.094   1.050
   1.097   1.053
   1.101   1.056
   1.104   1.059
   1.107   1.061
   1.111   1.064
   1.114   1.066
   1.118   1.068
   1.121   1.070
   1.124   1.072
   1.128   1.074
   1.131   1.075
   1.135   1.076
   1.138   1.077
   1.142   1.078
   1.145   1.079
   1.148   1.079
   1.152   1.079
   1.156   1.083
   1.160   1.087
   1.164   1.091
   1.168   1.096
   1.172   1.100
   1.176   1.106
   1.180   1.111
   1.185   1.117
   1.189   1.123
   1.193   1.129
   1.197   1.135
   1.201   1.141
   1.205   1.147
   1.209   1.153
   1.213   1.159
   1.217   1.165
   1.221   1.171
   1.226   1.176
   1.230   1.182
   1.234   1.187
   1.238   1.192
   1.242   1.196
   1.246   1.200
   1.250   1.203
   1.254   1.206
   1.258   1.209
   1.262   1.211
   1.267   1.213
   1.271   1.213
   1.275   1.214
   1.302   1.211
   1.329   1.204
   1.356   1.193
   1.383   1.177
   1.409   1.158
   1.436   1.135
   1.463   1.111
   1.490   1.084
   1.517   1.057
   1.544   1.031
   1.571   1.006
   1.598   0.984
   1.625   0.966
   1.652   0.952
   1.679   0.948
   1.706   0.979
   1.733   1.024
   1.760   1.073
   1.787   1.106
   1.814   1.101
   1.841   1.086
   1.868   1.071
   1.895   1.059
   1.922   1.058
   1.949   1.124
   1.976   1.185
   2.002   1.239
   2.029   1.281
   2.056   1.307
   2.083   1.317
   2.087   1.317
   2.090   1.317
   2.094   1.317
   2.097   1.317
   2.100   1.317
   2.104   1.317
   2.107   1.317
   2.111   1.317
   2.114   1.317
   2.117   1.317
   2.121   1.316
   2.124   1.316
   2.128   1.316
   2.131   1.315
   2.135   1.315
   2.138   1.315
   2.141   1.314
   2.145   1.314
   2.148   1.313
   2.152   1.313
   2.155   1.312
   2.158   1.312
   2.162   1.311
   2.165   1.311
   2.169   1.310
   2.172   1.310
   2.176   1.309
   2.179   1.309
   2.182   1.308
   2.186   1.308
   2.202   1.301
   2.219   1.279
   2.235   1.246
   2.252   1.203
   2.269   1.152
   2.285   1.096
   2.302   1.040
   2.318   0.998
   2.335   0.999
   2.351   1.013
   2.368   1.030
   2.384   1.048
   2.401   1.063
   2.418   1.069
   2.434   1.049
   2.451   1.017
   2.467   0.983
   2.484   0.952
   2.500   0.926
   2.517   0.905
   2.533   0.890
   2.550   0.882
   2.566   0.882
   2.583   0.889
   2.600   0.902
   2.616   0.920
   2.633   0.940
   2.649   0.960
   2.666   0.981
   2.682   1.000
   2.716   0.985
   2.750   0.971
   2.784   0.958
   2.818   0.946
   2.852   0.936
   2.886   0.928
   2.920   0.924
   2.954   0.924
   2.988   0.926
   3.022   0.930
   3.056   0.937
   3.090   0.946
   3.124   0.958
   3.158   0.969
   3.192   0.973
   3.226   0.968
   3.260   0.961
   3.293   0.960
   3.327   0.966
   3.361   0.992
   3.395   1.048
   3.429   1.113
   3.463   1.178
   3.497   1.241
   3.531   1.299
   3.565   1.351
   3.599   1.393
   3.633   1.424
   3.667   1.443
   3.701   1.450

   0.000   1.534
   0.003   1.534
   0.007   1.534
   0.010   1.535
   0.014   1.535
   0.017   1.536
   0.020   1.537
   0.024   1.538
   0.027   1.539
   0.031   1.541
   0.034   1.543
   0.038   1.544
   0.041   1.546
   0.044   1.548
   0.048   1.550
   0.051   1.553
   0.055   1.555
   0.058   1.557
   0.061   1.560
   0.065   1.563
   0.068   1.566
   0.072   1.569
   0.075   1.572
   0.079   1.575
   0.082   1.578
   0.085   1.581
   0.089   1.585
   0.092   1.588
   0.096   1.591
   0.099   1.595
   0.102   1.598
   0.134   1.586
   0.166   1.553
   0.197   1.502
   0.229   1.439
   0.260   1.367
   0.292   1.292
   0.323   1.217
   0.355   1.145
   0.387   1.080
   0.418   1.024
   0.450   0.983
   0.481   0.974
   0.513   1.000
   0.544   1.038
   0.576   1.082
   0.607   1.129
   0.639   1.179
   0.671   1.228
   0.702   1.276
   0.734   1.321
   0.765   1.362
   0.797   1.398
   0.828   1.427
   0.860   1.450
   0.892   1.466
   0.923   1.475
   0.955   1.478
   0.986   1.474
   1.018   1.464
   1.049   1.449
   1.053   1.447
   1.056   1.444
   1.060   1.442
   1.063   1.439
   1.066   1.437
   1.070   1.434
   1.073   1.432
   1.077   1.430
   1.080   1.427
   1.084   1.425
   1.087   1.423
   1.090   1.420
   1.094   1.418
   1.097   1.416
   1.101   1.414
   1.104   1.412
   1.107   1.410
   1.111   1.409
   1.114   1.407
   1.118   1.406
   1.121   1.404
   1.124   1.403
   1.128   1.402
   1.131   1.402
   1.135   1.401
   1.138   1.400
   1.142   1.400
   1.145   1.400
   1.148   1.400
   1.152   1.400
   1.156   1.402
   1.160   1.404
   1.164   1.406
   1.168   1.409
   1.172   1.411
   1.176   1.413
   1.180   1.415
   1.185   1.417
   1.189   1.419
   1.193   1.421
   1.197   1.423
   1.201   1.425
   1.205   1.427
   1.209   1.429
   1.213   1.430
   1.217   1.432
   1.221   1.433
   1.226   1.435
   1.230   1.436
   1.234   1.437
   1.238   1.438
   1.242   1.439
   1.246   1.440
   1.250   1.441
   1.254   1.441
   1.258   1.442
   1.262   1.442
   1.267   1.442
   1.271   1.442
   1.275   1.442
   1.302   1.440
   1.329   1.434
   1.356   1.423
   1.383   1.409
   1.409   1.391
   1.436   1.370
   1.463   1.348
   1.490   1.323
   1.517   1.296
   1.544   1.269
   1.571   1.241
   1.598   1.213
   1.625   1.185
   1.652   1.158
   1.679   1.132
   1.706   1.109
   1.733   1.093
   1.760   1.099
   1.787   1.137
   1.814   1.193
   1.841   1.256
   1.868   1.320
   1.895   1.385
   1.922   1.449
   1.949   1.511
   1.976   1.569
   2.002   1.621
   2.029   1.664
   2.056   1.693
   2.083   1.704
   2.087   1.704
   2.090   1.704
   2.094   1.704
   2.097   1.705
   2.100   1.705
   2.104   1.706
   2.107   1.707
   2.111   1.707
   2.114   1.708
   2.117   1.709
   2.121   1.711
   2.124   1.712
   2.128   1.713
   2.131   1.715
   2.135   1.716
   2.138   1.718
   2.141   1.720
   2.145   1.721
   2.148   1.723
   2.152   1.725
   2.155   1.727
   2.158   1.729
   2.162   1.730
   2.165   1.732
   2.169   1.734
   2.172   1.736
   2.176   1.738
   2.179   1.740
   2.182   1.741
   2.186   1.743
   2.202   1.736
   2.219   1.715
   2.235   1.682
   2.252   1.641
   2.269   1.594
   2.285   1.543
   2.302   1.489
   2.318   1.434
   2.335   1.378
   2.351   1.324
   2.368   1.270
   2.384   1.220
   2.401   1.175
   2.418   1.143
   2.434   1.140
   2.451   1.156
   2.467   1.176
   2.484   1.199
   2.500   1.223
   2.517   1.247
   2.533   1.271
   2.550   1.294
   2.566   1.318
   2.583   1.340
   2.600   1.362
   2.616   1.383
   2.633   1.402
   2.649   1.420
   2.666   1.436
   2.682   1.449
   2.716   1.433
   2.750   1.415
   2.784   1.394
   2.818   1.372
   2.852   1.347
   2.886   1.321
   2.920   1.292
   2.954   1.262
   2.988   1.231
   3.022   1.199
   3.056   1.167
   3.090   1.136
   3.124   1.109
   3.158   1.090
   3.192   1.082
   3.226   1.089
   3.260   1.109
   3.293   1.138
   3.327   1.174
   3.361   1.214
   3.395   1.256
   3.429   1.300
   3.463   1.344
   3.497   1.386
   3.531   1.426
   3.565   1.462
   3.599   1.492
   3.633   1.515
   3.667   1.529
   3.701   1.534

   0.000   1.662
   0.003   1.662
   0.007   1.661
   0.010   1.661
   0.014   1.660
   0.017   1.660
   0.020   1.659
   0.024   1.658
   0.027   1.656
   0.031   1.655
   0.034   1.654
   0.038   1.652
   0.041   1.650
   0.044   1.648
   0.048   1.646
   0.051   1.644
   0.055   1.641
   0.058   1.639
   0.061   1.636
   0.065   1.633
   0.068   1.630
   0.072   1.627
   0.075   1.624
   0.079   1.621
   0.082   1.618
   0.085   1.615
   0.089   1.611
   0.092   1.608
   0.096   1.605
   0.099   1.601
   0.102   1.598
   0.134   1.587
   0.166   1.554
   0.197   1.503
   0.229   1.439
   0.260   1.368
   0.292   1.293
   0.323   1.217
   0.355   1.146
   0.387   1.080
   0.418   1.025
   0.450   0.984
   0.481   0.976
   0.513   1.002
   0.544   1.039
   0.576   1.083
   0.607   1.130
   0.639   1.179
   0.671   1.228
   0.702   1.276
   0.734   1.321
   0.765   1.362
   0.797   1.398
   0.828   1.428
   0.860   1.451
   0.892   1.467
   0.923   1.476
   0.955   1.478
   0.986   1.474
   1.018   1.464
   1.049   1.449
   1.053   1.452
   1.056   1.455
   1.060   1.457
   1.063   1.460
   1.066   1.462
   1.070   1.465
   1.073   1.468
   1.077   1.470
   1.080   1.473
   1.084   1.475
   1.087   1.478
   1.090   1.480
   1.094   1.483
   1.097   1.485
   1.101   1.487
   1.104   1.490
   1.107   1.492
   1.111   1.494
   1.114   1.496
   1.118   1.497
   1.121   1.499
   1.124   1.501
   1.128   1.502
   1.131   1.503
   1.135   1.505
   1.138   1.506
   1.142   1.506
   1.145   1.507
   1.148   1.507
   1.152   1.507
   1.156   1.509
   1.160   1.511
   1.164   1.513
   1.168   1.515
   1.172   1.516
   1.176   1.518
   1.180   1.519
   1.185   1.520
   1.189   1.520
   1.193   1.521
   1.197   1.521
   1.201   1.521
   1.205   1.522
   1.209   1.522
   1.213   1.521
   1.217   1.521
   1.221   1.521
   1.226   1.520
   1.230   1.519
   1.234   1.519
   1.238   1.518
   1.242   1.517
   1.246   1.517
   1.250   1.516
   1.254   1.516
   1.258   1.515
   1.262   1.515
   1.267   1.514
   1.271   1.514
   1.275   1.514
   1.302   1.512
   1.329   1.507
   1.356   1.498
   1.383   1.485
   1.409   1.470
   1.436   1.452
   1.463   1.431
   1.490   1.409
   1.517   1.385
   1.544   1.359
   1.571   1.333
   1.598   1.306
   1.625   1.279
   1.652   1.253
   1.679   1.227
   1.706   1.202
   1.733   1.179
   1.760   1.161
   1.787   1.164
   1.814   1.213
   1.841   1.277
   1.868   1.346
   1.895   1.417
   1.922   1.489
   1.949   1.558
   1.976   1.623
   2.002   1.681
   2.029   1.727
   2.056   1.757
   2.083   1.767
   2.087   1.767
   2.090   1.767
   2.094   1.767
   2.097   1.767
   2.100   1.766
   2.104   1.766
   2.107   1.766
   2.111   1.765
   2.114   1.765
   2.117   1.764
   2.121   1.764
   2.124   1.763
   2.128   1.763
   2.131   1.762
   2.135   1.761
   2.138   1.761
   2.141   1.760
   2.145   1.759
   2.148   1.758
   2.152   1.757
   2.155   1.756
   2.158   1.755
   2.162   1.754
   2.165   1.753
   2.169   1.751
   2.172   1.750
   2.176   1.748
   2.179   1.747
   2.182   1.745
   2.186   1.743
   2.202   1.736
   2.219   1.715
   2.235   1.682
   2.252   1.641
   2.269   1.594
   2.285   1.543
   2.302   1.489
   2.318   1.434
   2.335   1.379
   2.351   1.324
   2.368   1.271
   2.384   1.220
   2.401   1.175
   2.418   1.144
   2.434   1.141
   2.451   1.157
   2.467   1.177
   2.484   1.200
   2.500   1.224
   2.517   1.247
   2.533   1.271
   2.550   1.295
   2.566   1.318
   2.583   1.341
   2.600   1.363
   2.616   1.383
   2.633   1.402
   2.649   1.420
   2.666   1.436
   2.682   1.449
   2.716   1.438
   2.750   1.425
   2.784   1.410
   2.818   1.392
   2.852   1.372
   2.886   1.350
   2.920   1.326
   2.954   1.300
   2.988   1.271
   3.022   1.241
   3.056   1.209
   3.090   1.178
   3.124   1.149
   3.158   1.126
   3.192   1.119
   3.226   1.133
   3.260   1.162
   3.293   1.202
   3.327   1.247
   3.361   1.296
   3.395   1.346
   3.429   1.397
   3.463   1.447
   3.497   1.495
   3.531   1.540
   3.565   1.580
   3.599   1.614
   3.633   1.640
   3.667   1.656
   3.701   1.662

   0.000   2.384
   0.003   2.385
   0.007   2.386
   0.010   2.388
   0.014   2.390
   0.017   2.392
   0.020   2.393
   0.024   2.394
   0.027   2.394
   0.031   2.392
   0.034   2.389
   0.038   2.386
   0.041   2.382
   0.044   2.377
   0.048   2.373
   0.051   2.368
   0.055   2.363
   0.058   2.359
   0.061   2.355
   0.065   2.351
   0.068   2.347
   0.072   2.344
   0.075   2.342
   0.079   2.340
   0.082   2.338
   0.085   2.337
   0.089   2.337
   0.092   2.337
   0.096   2.338
   0.099   2.340
   0.102   2.341
   0.134   2.343
   0.166   2.348
   0.197   2.356
   0.229   2.363
   0.260   2.370
   0.292   2.375
   0.323   2.380
   0.355   2.383
   0.387   2.385
   0.418   2.385
   0.450   2.384
   0.481   2.382
   0.513   2.378
   0.544   2.373
   0.576   2.367
   0.607   2.360
   0.639   2.352
   0.671   2.344
   0.702   2.335
   0.734   2.327
   0.765   2.319
   0.797   2.313
   0.828   2.308
   0.860   2.305
   0.892   2.304
   0.923   2.305
   0.955   2.307
   0.986   2.312
   1.018   2.318
   1.049   2.324
   1.053   2.321
   1.056   2.317
   1.060   2.314
   1.063   2.311
   1.066   2.308
   1.070   2.306
   1.073   2.304
   1.077   2.302
   1.080   2.301
   1.084   2.300
   1.087   2.299
   1.090   2.298
   1.094   2.297
   1.097   2.297
   1.101   2.296
   1.104   2.296
   1.107   2.296
   1.111   2.296
   1.114   2.296
   1.118   2.297
   1.121   2.297
   1.124   2.297
   1.128   2.298
   1.131   2.298
   1.135   2.299
   1.138   2.299
   1.142   2.299
   1.145   2.299
   1.148   2.300
   1.152   2.300
   1.156   2.300
   1.160   2.300
   1.164   2.301
   1.168   2.301
   1.172   2.302
   1.176   2.304
   1.180   2.305
   1.185   2.307
   1.189   2.308
   1.193   2.310
   1.197   2.312
   1.201   2.315
   1.205   2.317
   1.209   2.319
   1.213   2.322
   1.217   2.324
   1.221   2.327
   1.226   2.329
   1.230   2.331
   1.234   2.334
   1.238   2.336
   1.242   2.338
   1.246   2.340
   1.250   2.342
   1.254   2.344
   1.258   2.346
   1.262   2.348
   1.267   2.349
   1.271   2.351
   1.275   2.352
   1.302   2.350
   1.329   2.350
   1.356   2.350
   1.383   2.352
   1.409   2.354
   1.436   2.356
   1.463   2.358
   1.490   2.359
   1.517   2.361
   1.544   2.361
   1.571   2.361
   1.598   2.361
   1.625   2.359
   1.652   2.356
   1.679   2.353
   1.706   2.349
   1.733   2.344
   1.760   2.339
   1.787   2.333
   1.814   2.325
   1.841   2.315
   1.868   2.301
   1.895   2.280
   1.922   2.252
   1.949   2.220
   1.976   2.184
   2.002   2.149
   2.029   2.118
   2.056   2.095
   2.083   2.087
   2.087   2.087
   2.090   2.088
   2.094   2.089
   2.097   2.090
   2.100   2.092
   2.104   2.095
   2.107   2.098
   2.111   2.101
   2.114   2.105
   2.117   2.108
   2.121   2.113
   2.124   2.117
   2.128   2.122
   2.131   2.127
   2.135   2.133
   2.138   2.138
   2.141   2.145
   2.145   2.151
   2.148   2.157
   2.152   2.164
   2.155   2.171
   2.158   2.178
   2.162   2.186
   2.165   2.193
   2.169   2.201
   2.172   2.208
   2.176   2.216
   2.179   2.224
   2.182   2.232
   2.186   2.240
   2.202   2.245
   2.219   2.257
   2.235   2.274
   2.252   2.295
   2.269   2.315
   2.285   2.334
   2.302   2.350
   2.318   2.362
   2.335   2.372
   2.351   2.379
   2.368   2.383
   2.384   2.386
   2.401   2.387
   2.418   2.387
   2.434   2.386
   2.451   2.385
   2.467   2.383
   2.484   2.380
   2.500   2.377
   2.517   2.373
   2.533   2.370
   2.550   2.365
   2.566   2.361
   2.583   2.356
   2.600   2.351
   2.616   2.345
   2.633   2.340
   2.649   2.335
   2.666   2.329
   2.682   2.324
   2.716   2.326
   2.750   2.327
   2.784   2.329
   2.818   2.332
   2.852   2.335
   2.886   2.339
   2.920   2.344
   2.954   2.349
   2.988   2.355
   3.022   2.362
   3.056   2.370
   3.090   2.378
   3.124   2.388
   3.158   2.398
   3.192   2.409
   3.226   2.421
   3.260   2.433
   3.293   2.444
   3.327   2.453
   3.361   2.458
   3.395   2.459
   3.429   2.457
   3.463   2.454
   3.497   2.449
   3.531   2.440
   3.565   2.427
   3.599   2.412
   3.633   2.397
   3.667   2.388
   3.701   2.384

   0.000   2.498
   0.003   2.497
   0.007   2.496
   0.010   2.494
   0.014   2.492
   0.017   2.490
   0.020   2.489
   0.024   2.490
   0.027   2.493
   0.031   2.491
   0.034   2.481
   0.038   2.471
   0.041   2.462
   0.044   2.452
   0.048   2.443
   0.051   2.433
   0.055   2.424
   0.058   2.416
   0.061   2.407
   0.065   2.399
   0.068   2.392
   0.072   2.384
   0.075   2.378
   0.079   2.371
   0.082   2.366
   0.085   2.360
   0.089   2.356
   0.092   2.351
   0.096   2.348
   0.099   2.344
   0.102   2.342
   0.134   2.344
   0.166   2.350
   0.197   2.357
   0.229   2.364
   0.260   2.371
   0.292   2.376
   0.323   2.381
   0.355   2.384
   0.387   2.385
   0.418   2.385
   0.450   2.384
   0.481   2.382
   0.513   2.378
   0.544   2.373
   0.576   2.367
   0.607   2.360
   0.639   2.352
   0.671   2.344
   0.702   2.335
   0.734   2.327
   0.765   2.319
   0.797   2.313
   0.828   2.308
   0.860   2.305
   0.892   2.304
   0.923   2.305
   0.955   2.308
   0.986   2.312
   1.018   2.318
   1.049   2.325
   1.053   2.329
   1.056   2.333
   1.060   2.338
   1.063   2.343
   1.066   2.348
   1.070   2.353
   1.073   2.359
   1.077   2.365
   1.080   2.371
   1.084   2.377
   1.087   2.383
   1.090   2.390
   1.094   2.396
   1.097   2.403
   1.101   2.410
   1.104   2.417
   1.107   2.424
   1.111   2.431
   1.114   2.438
   1.118   2.445
   1.121   2.451
   1.124   2.457
   1.128   2.463
   1.131   2.468
   1.135   2.472
   1.138   2.475
   1.142   2.478
   1.145   2.480
   1.148   2.481
   1.152   2.481
   1.156   2.479
   1.160   2.477
   1.164   2.474
   1.168   2.471
   1.172   2.468
   1.176   2.464
   1.180   2.459
   1.185   2.455
   1.189   2.449
   1.193   2.444
   1.197   2.438
   1.201   2.433
   1.205   2.427
   1.209   2.421
   1.213   2.415
   1.217   2.409
   1.221   2.403
   1.226   2.397
   1.230   2.392
   1.234   2.387
   1.238   2.382
   1.242   2.378
   1.246   2.373
   1.250   2.370
   1.254   2.366
   1.258   2.363
   1.262   2.361
   1.267   2.358
   1.271   2.356
   1.275   2.356
   1.302   2.361
   1.329   2.372
   1.356   2.388
   1.383   2.410
   1.409   2.436
   1.436   2.466
   1.463   2.495
   1.490   2.505
   1.517   2.501
   1.544   2.494
   1.571   2.487
   1.598   2.479
   1.625   2.471
   1.652   2.462
   1.679   2.453
   1.706   2.443
   1.733   2.432
   1.760   2.419
   1.787   2.405
   1.814   2.389
   1.841   2.373
   1.868   2.357
   1.895   2.344
   1.922   2.335
   1.949   2.327
   1.976   2.320
   2.002   2.314
   2.029   2.309
   2.056   2.305
   2.083   2.303
   2.087   2.303
   2.090   2.304
   2.094   2.305
   2.097   2.306
   2.100   2.307
   2.104   2.309
   2.107   2.312
   2.111   2.314
   2.114   2.317
   2.117   2.321
   2.121   2.324
   2.124   2.328
   2.128   2.332
   2.131   2.335
   2.135   2.338
   2.138   2.338
   2.141   2.337
   2.145   2.334
   2.148   2.328
   2.152   2.322
   2.155   2.315
   2.158   2.307
   2.162   2.299
   2.165   2.291
   2.169   2.282
   2.172   2.274
   2.176   2.265
   2.179   2.257
   2.182   2.249
   2.186   2.241
   2.202   2.245
   2.219   2.257
   2.235   2.275
   2.252   2.295
   2.269   2.315
   2.285   2.334
   2.302   2.350
   2.318   2.363
   2.335   2.372
   2.351   2.379
   2.368   2.384
   2.384   2.386
   2.401   2.388
   2.418   2.388
   2.434   2.387
   2.451   2.386
   2.467   2.383
   2.484   2.381
   2.500   2.377
   2.517   2.374
   2.533   2.370
   2.550   2.365
   2.566   2.361
   2.583   2.356
   2.600   2.351
   2.616   2.346
   2.633   2.341
   2.649   2.335
   2.666   2.330
   2.682   2.325
   2.716   2.334
   2.750   2.343
   2.784   2.353
   2.818   2.362
   2.852   2.371
   2.886   2.379
   2.920   2.388
   2.954   2.395
   2.988   2.403
   3.022   2.411
   3.056   2.419
   3.090   2.427
   3.124   2.435
   3.158   2.444
   3.192   2.451
   3.226   2.458
   3.260   2.464
   3.293   2.469
   3.327   2.475
   3.361   2.483
   3.395   2.492
   3.429   2.501
   3.463   2.509
   3.497   2.514
   3.531   2.510
   3.565   2.503
   3.599   2.499
   3.633   2.498
   3.667   2.498
   3.701   2.498

   0.000   2.548
   0.003   2.547
   0.007   2.544
   0.010   2.539
   0.014   2.533
   0.017   2.526
   0.020   2.518
   0.024   2.509
   0.027   2.500
   0.031   2.497
   0.034   2.503
   0.038   2.511
   0.041   2.519
   0.044   2.528
   0.048   2.538
   0.051   2.548
   0.055   2.559
   0.058   2.569
   0.061   2.580
   0.065   2.590
   0.068   2.601
   0.072   2.610
   0.075   2.620
   0.079   2.629
   0.082   2.637
   0.085   2.644
   0.089   2.651
   0.092   2.657
   0.096   2.663
   0.099   2.667
   0.102   2.670
   0.134   2.675
   0.166   2.688
   0.197   2.708
   0.229   2.732
   0.260   2.757
   0.292   2.780
   0.323   2.801
   0.355   2.819
   0.387   2.833
   0.418   2.844
   0.450   2.852
   0.481   2.857
   0.513   2.859
   0.544   2.858
   0.576   2.854
   0.607   2.842
   0.639   2.820
   0.671   2.793
   0.702   2.765
   0.734   2.737
   0.765   2.711
   0.797   2.688
   0.828   2.669
   0.860   2.653
   0.892   2.642
   0.923   2.635
   0.955   2.632
   0.986   2.631
   1.018   2.631
   1.049   2.632
   1.053   2.632
   1.056   2.631
   1.060   2.630
   1.063   2.629
   1.066   2.628
   1.070   2.627
   1.073   2.626
   1.077   2.624
   1.080   2.621
   1.084   2.618
   1.087   2.615
   1.090   2.611
   1.094   2.606
   1.097   2.601
   1.101   2.596
   1.104   2.590
   1.107   2.584
   1.111   2.578
   1.114   2.572
   1.118   2.567
   1.121   2.561
   1.124   2.556
   1.128   2.552
   1.131   2.549
   1.135   2.546
   1.138   2.544
   1.142   2.543
   1.145   2.543
   1.148   2.543
   1.152   2.543
   1.156   2.541
   1.160   2.539
   1.164   2.537
   1.168   2.536
   1.172   2.534
   1.176   2.533
   1.180   2.533
   1.185   2.532
   1.189   2.532
   1.193   2.532
   1.197   2.532
   1.201   2.533
   1.205   2.533
   1.209   2.533
   1.213   2.534
   1.217   2.535
   1.221   2.535
   1.226   2.536
   1.230   2.537
   1.234   2.537
   1.238   2.538
   1.242   2.538
   1.246   2.539
   1.250   2.539
   1.254   2.539
   1.258   2.540
   1.262   2.540
   1.267   2.540
   1.271   2.540
   1.275   2.540
   1.302   2.540
   1.329   2.538
   1.356   2.536
   1.383   2.532
   1.409   2.528
   1.436   2.524
   1.463   2.521
   1.490   2.539
   1.517   2.572
   1.544   2.600
   1.571   2.610
   1.598   2.620
   1.625   2.628
   1.652   2.636
   1.679   2.642
   1.706   2.646
   1.733   2.647
   1.760   2.646
   1.787   2.642
   1.814   2.635
   1.841   2.625
   1.868   2.611
   1.895   2.593
   1.922   2.571
   1.949   2.546
   1.976   2.519
   2.002   2.493
   2.029   2.469
   2.056   2.453
   2.083   2.447
   2.087   2.447
   2.090   2.446
   2.094   2.444
   2.097   2.441
   2.100   2.438
   2.104   2.434
   2.107   2.430
   2.111   2.425
   2.114   2.420
   2.117   2.414
   2.121   2.409
   2.124   2.403
   2.128   2.398
   2.131   2.393
   2.135   2.389
   2.138   2.387
   2.141   2.387
   2.145   2.390
   2.148   2.394
   2.152   2.400
   2.155   2.406
   2.158   2.414
   2.162   2.421
   2.165   2.429
   2.169   2.438
   2.172   2.446
   2.176   2.455
   2.179   2.464
   2.182   2.473
   2.186   2.483
   2.202   2.484
   2.219   2.488
   2.235   2.494
   2.252   2.502
   2.269   2.511
   2.285   2.521
   2.302   2.531
   2.318   2.543
   2.335   2.554
   2.351   2.566
   2.368   2.576
   2.384   2.586
   2.401   2.595
   2.418   2.602
   2.434   2.609
   2.451   2.614
   2.467   2.619
   2.484   2.623
   2.500   2.626
   2.517   2.629
   2.533   2.631
   2.550   2.633
   2.566   2.634
   2.583   2.634
   2.600   2.635
   2.616   2.634
   2.633   2.634
   2.649   2.633
   2.666   2.633
   2.682   2.632
   2.716   2.632
   2.750   2.632
   2.784   2.633
   2.818   2.634
   2.852   2.637
   2.886   2.640
   2.920   2.645
   2.954   2.651
   2.988   2.656
   3.022   2.661
   3.056   2.665
   3.090   2.668
   3.124   2.671
   3.158   2.673
   3.192   2.675
   3.226   2.676
   3.260   2.672
   3.293   2.660
   3.327   2.643
   3.361   2.622
   3.395   2.600
   3.429   2.576
   3.463   2.554
   3.497   2.536
   3.531   2.530
   3.565   2.534
   3.599   2.538
   3.633   2.543
   3.667   2.546
   3.701   2.548

   0.000   2.618
   0.003   2.619
   0.007   2.622
   0.010   2.627
   0.014   2.633
   0.017   2.640
   0.020   2.648
   0.024   2.656
   0.027   2.663
   0.031   2.667
   0.034   2.671
   0.038   2.674
   0.041   2.677
   0.044   2.680
   0.048   2.682
   0.051   2.684
   0.055   2.686
   0.058   2.688
   0.061   2.689
   0.065   2.690
   0.068   2.690
   0.072   2.690
   0.075   2.690
   0.079   2.689
   0.082   2.687
   0.085   2.686
   0.089   2.684
   0.092   2.681
   0.096   2.679
   0.099   2.676
   0.102   2.674
   0.134   2.678
   0.166   2.692
   0.197   2.711
   0.229   2.735
   0.260   2.759
   0.292   2.783
   0.323   2.803
   0.355   2.821
   0.387   2.835
   0.418   2.845
   0.450   2.853
   0.481   2.858
   0.513   2.860
   0.544   2.859
   0.576   2.854
   0.607   2.842
   0.639   2.820
   0.671   2.794
   0.702   2.765
   0.734   2.738
   0.765   2.712
   0.797   2.689
   0.828   2.669
   0.860   2.654
   0.892   2.643
   0.923   2.636
   0.955   2.632
   0.986   2.631
   1.018   2.631
   1.049   2.632
   1.053   2.632
   1.056   2.632
   1.060   2.631
   1.063   2.631
   1.066   2.629
   1.070   2.628
   1.073   2.626
   1.077   2.624
   1.080   2.622
   1.084   2.621
   1.087   2.619
   1.090   2.617
   1.094   2.615
   1.097   2.613
   1.101   2.611
   1.104   2.610
   1.107   2.608
   1.111   2.607
   1.114   2.605
   1.118   2.604
   1.121   2.602
   1.124   2.601
   1.128   2.600
   1.131   2.599
   1.135   2.599
   1.138   2.598
   1.142   2.597
   1.145   2.597
   1.148   2.596
   1.152   2.596
   1.156   2.593
   1.160   2.591
   1.164   2.589
   1.168   2.586
   1.172   2.584
   1.176   2.581
   1.180   2.578
   1.185   2.576
   1.189   2.573
   1.193   2.571
   1.197   2.568
   1.201   2.566
   1.205   2.563
   1.209   2.561
   1.213   2.559
   1.217   2.557
   1.221   2.555
   1.226   2.553
   1.230   2.551
   1.234   2.550
   1.238   2.548
   1.242   2.547
   1.246   2.546
   1.250   2.545
   1.254   2.544
   1.258   2.543
   1.262   2.542
   1.267   2.542
   1.271   2.542
   1.275   2.542
   1.302   2.542
   1.329   2.545
   1.356   2.548
   1.383   2.553
   1.409   2.558
   1.436   2.565
   1.463   2.573
   1.490   2.582
   1.517   2.591
   1.544   2.605
   1.571   2.637
   1.598   2.662
   1.625   2.667
   1.652   2.672
   1.679   2.679
   1.706   2.686
   1.733   2.694
   1.760   2.702
   1.787   2.709
   1.814   2.715
   1.841   2.702
   1.868   2.687
   1.895   2.671
   1.922   2.656
   1.949   2.642
   1.976   2.631
   2.002   2.621
   2.029   2.615
   2.056   2.609
   2.083   2.602
   2.087   2.602
   2.090   2.601
   2.094   2.599
   2.097   2.597
   2.100   2.596
   2.104   2.594
   2.107   2.593
   2.111   2.592
   2.114   2.591
   2.117   2.589
   2.121   2.588
   2.124   2.587
   2.128   2.586
   2.131   2.584
   2.135   2.582
   2.138   2.579
   2.141   2.576
   2.145   2.573
   2.148   2.569
   2.152   2.564
   2.155   2.558
   2.158   2.552
   2.162   2.544
   2.165   2.537
   2.169   2.528
   2.172   2.520
   2.176   2.511
   2.179   2.501
   2.182   2.492
   2.186   2.483
   2.202   2.484
   2.219   2.489
   2.235   2.495
   2.252   2.502
   2.269   2.511
   2.285   2.521
   2.302   2.532
   2.318   2.543
   2.335   2.555
   2.351   2.566
   2.368   2.577
   2.384   2.587
   2.401   2.596
   2.418   2.603
   2.434   2.610
   2.451   2.615
   2.467   2.620
   2.484   2.624
   2.500   2.627
   2.517   2.629
   2.533   2.631
   2.550   2.633
   2.566   2.634
   2.583   2.635
   2.600   2.635
   2.616   2.635
   2.633   2.634
   2.649   2.634
   2.666   2.633
   2.682   2.632
   2.716   2.634
   2.750   2.636
   2.784   2.640
   2.818   2.644
   2.852   2.649
   2.886   2.654
   2.920   2.659
   2.954   2.665
   2.988   2.672
   3.022   2.681
   3.056   2.690
   3.090   2.700
   3.124   2.708
   3.158   2.713
   3.192   2.714
   3.226   2.711
   3.260   2.707
   3.293   2.704
   3.327   2.703
   3.361   2.701
   3.395   2.697
   3.429   2.689
   3.463   2.679
   3.497   2.667
   3.531   2.655
   3.565   2.643
   3.599   2.634
   3.633   2.626
   3.667   2.620
   3.701   2.618

   0.000   2.638
   0.003   2.639
   0.007   2.641
   0.010   2.644
   0.014   2.647
   0.017   2.651
   0.020   2.655
   0.024   2.659
   0.027   2.665
   0.031   2.675
   0.034   2.684
   0.038   2.694
   0.041   2.704
   0.044   2.714
   0.048   2.724
   0.051   2.734
   0.055   2.744
   0.058   2.755
   0.061   2.765
   0.065   2.776
   0.068   2.786
   0.072   2.796
   0.075   2.806
   0.079   2.815
   0.082   2.824
   0.085   2.832
   0.089   2.839
   0.092   2.846
   0.096   2.851
   0.099   2.855
   0.102   2.857
   0.134   2.860
   0.166   2.866
   0.197   2.873
   0.229   2.883
   0.260   2.893
   0.292   2.905
   0.323   2.916
   0.355   2.927
   0.387   2.934
   0.418   2.937
   0.450   2.936
   0.481   2.929
   0.513   2.918
   0.544   2.903
   0.576   2.885
   0.607   2.869
   0.639   2.859
   0.671   2.851
   0.702   2.843
   0.734   2.835
   0.765   2.827
   0.797   2.820
   0.828   2.814
   0.860   2.811
   0.892   2.809
   0.923   2.811
   0.955   2.816
   0.986   2.826
   1.018   2.840
   1.049   2.857
   1.053   2.845
   1.056   2.832
   1.060   2.819
   1.063   2.806
   1.066   2.792
   1.070   2.779
   1.073   2.766
   1.077   2.753
   1.080   2.740
   1.084   2.727
   1.087   2.716
   1.090   2.704
   1.094   2.694
   1.097   2.684
   1.101   2.674
   1.104   2.666
   1.107   2.658
   1.111   2.650
   1.114   2.643
   1.118   2.637
   1.121   2.630
   1.124   2.624
   1.128   2.619
   1.131   2.614
   1.135   2.609
   1.138   2.605
   1.142   2.601
   1.145   2.598
   1.148   2.597
   1.152   2.597
   1.156   2.597
   1.160   2.598
   1.164   2.599
   1.168   2.600
   1.172   2.602
   1.176   2.603
   1.180   2.604
   1.185   2.606
   1.189   2.607
   1.193   2.609
   1.197   2.610
   1.201   2.612
   1.205   2.613
   1.209   2.614
   1.213   2.616
   1.217   2.617
   1.221   2.619
   1.226   2.620
   1.230   2.621
   1.234   2.622
   1.238   2.623
   1.242   2.624
   1.246   2.625
   1.250   2.626
   1.254   2.626
   1.258   2.627
   1.262   2.627
   1.267   2.627
   1.271   2.628
   1.275   2.628
   1.302   2.628
   1.329   2.629
   1.356   2.630
   1.383   2.632
   1.409   2.635
   1.436   2.637
   1.463   2.641
   1.490   2.644
   1.517   2.648
   1.544   2.653
   1.571   2.657
   1.598   2.665
   1.625   2.689
   1.652   2.709
   1.679   2.723
   1.706   2.731
   1.733   2.734
   1.760   2.732
   1.787   2.726
   1.814   2.716
   1.841   2.722
   1.868   2.727
   1.895   2.727
   1.922   2.723
   1.949   2.710
   1.976   2.686
   2.002   2.657
   2.029   2.629
   2.056   2.612
   2.083   2.614
   2.087   2.614
   2.090   2.615
   2.094   2.615
   2.097   2.616
   2.100   2.617
   2.104   2.618
   2.107   2.619
   2.111   2.620
   2.114   2.621
   2.117   2.623
   2.121   2.624
   2.124   2.625
   2.128   2.626
   2.131   2.626
   2.135   2.627
   2.138   2.628
   2.141   2.629
   2.145   2.629
   2.148   2.629
   2.152   2.630
   2.155   2.630
   2.158   2.630
   2.162   2.630
   2.165   2.630
   2.169   2.629
   2.172   2.629
   2.176   2.629
   2.179   2.629
   2.182   2.629
   2.186   2.629
   2.202   2.634
   2.219   2.648
   2.235   2.672
   2.252   2.703
   2.269   2.739
   2.285   2.780
   2.302   2.823
   2.318   2.865
   2.335   2.904
   2.351   2.936
   2.368   2.959
   2.384   2.975
   2.401   2.986
   2.418   2.994
   2.434   3.000
   2.451   3.004
   2.467   3.006
   2.484   3.005
   2.500   3.002
   2.517   2.996
   2.533   2.988
   2.550   2.978
   2.566   2.966
   2.583   2.952
   2.600   2.936
   2.616   2.920
   2.633   2.904
   2.649   2.887
   2.666   2.872
   2.682   2.857
   2.716   2.859
   2.750   2.860
   2.784   2.860
   2.818   2.859
   2.852   2.857
   2.886   2.853
   2.920   2.848
   2.954   2.842
   2.988   2.835
   3.022   2.828
   3.056   2.819
   3.090   2.810
   3.124   2.801
   3.158   2.793
   3.192   2.787
   3.226   2.784
   3.260   2.783
   3.293   2.783
   3.327   2.781
   3.361   2.778
   3.395   2.771
   3.429   2.760
   3.463   2.746
   3.497   2.728
   3.531   2.708
   3.565   2.688
   3.599   2.668
   3.633   2.652
   3.667   2.642
   3.701   2.638

   0.000   2.805
   0.003   2.805
   0.007   2.805
   0.010   2.806
   0.014   2.807
   0.017   2.808
   0.020   2.810
   0.024   2.811
   0.027   2.813
   0.031   2.815
   0.034   2.816
   0.038   2.818
   0.041   2.820
   0.044   2.821
   0.048   2.823
   0.051   2.824
   0.055   2.826
   0.058   2.828
   0.061   2.830
   0.065   2.832
   0.068   2.835
   0.072   2.838
   0.075   2.841
   0.079   2.844
   0.082   2.847
   0.085   2.850
   0.089   2.853
   0.092   2.856
   0.096   2.859
   0.099   2.861
   0.102   2.862
   0.134   2.866
   0.166   2.872
   0.197   2.879
   0.229   2.888
   0.260   2.898
   0.292   2.909
   0.323   2.920
   0.355   2.930
   0.387   2.937
   0.418   2.940
   0.450   2.938
   0.481   2.932
   0.513   2.920
   0.544   2.905
   0.576   2.887
   0.607   2.871
   0.639   2.860
   0.671   2.851
   0.702   2.843
   0.734   2.835
   0.765   2.828
   0.797   2.821
   0.828   2.815
   0.860   2.812
   0.892   2.810
   0.923   2.812
   0.955   2.817
   0.986   2.826
   1.018   2.840
   1.049   2.857
   1.053   2.869
   1.056   2.880
   1.060   2.891
   1.063   2.901
   1.066   2.910
   1.070   2.918
   1.073   2.925
   1.077   2.931
   1.080   2.936
   1.084   2.940
   1.087   2.943
   1.090   2.945
   1.094   2.947
   1.097   2.948
   1.101   2.948
   1.104   2.948
   1.107   2.947
   1.111   2.946
   1.114   2.945
   1.118   2.943
   1.121   2.942
   1.124   2.940
   1.128   2.938
   1.131   2.937
   1.135   2.935
   1.138   2.934
   1.142   2.933
   1.145   2.932
   1.148   2.931
   1.152   2.931
   1.156   2.928
   1.160   2.925
   1.164   2.923
   1.168   2.921
   1.172   2.919
   1.176   2.918
   1.180   2.916
   1.185   2.915
   1.189   2.914
   1.193   2.914
   1.197   2.913
   1.201   2.913
   1.205   2.913
   1.209   2.913
   1.213   2.913
   1.217   2.914
   1.221   2.914
   1.226   2.914
   1.230   2.915
   1.234   2.915
   1.238   2.915
   1.242   2.916
   1.246   2.916
   1.250   2.917
   1.254   2.917
   1.258   2.917
   1.262   2.917
   1.267   2.917
   1.271   2.918
   1.275   2.918
   1.302   2.920
   1.329   2.925
   1.356   2.934
   1.383   2.947
   1.409   2.962
   1.436   2.979
   1.463   2.999
   1.490   3.019
   1.517   3.039
   1.544   3.059
   1.571   3.078
   1.598   3.094
   1.625   3.106
   1.652   3.115
   1.679   3.118
   1.706   3.114
   1.733   3.103
   1.760   3.085
   1.787   3.059
   1.814   3.025
   1.841   2.984
   1.868   2.937
   1.895   2.886
   1.922   2.832
   1.949   2.779
   1.976   2.728
   2.002   2.684
   2.029   2.649
   2.056   2.626
   2.083   2.614
   2.087   2.615
   2.090   2.617
   2.094   2.619
   2.097   2.622
   2.100   2.624
   2.104   2.627
   2.107   2.630
   2.111   2.633
   2.114   2.636
   2.117   2.638
   2.121   2.640
   2.124   2.642
   2.128   2.642
   2.131   2.643
   2.135   2.642
   2.138   2.641
   2.141   2.640
   2.145   2.638
   2.148   2.637
   2.152   2.635
   2.155   2.633
   2.158   2.632
   2.162   2.631
   2.165   2.631
   2.169   2.631
   2.172   2.630
   2.176   2.630
   2.179   2.630
   2.182   2.630
   2.186   2.630
   2.202   2.635
   2.219   2.649
   2.235   2.672
   2.252   2.703
   2.269   2.740
   2.285   2.781
   2.302   2.823
   2.318   2.865
   2.335   2.904
   2.351   2.937
   2.368   2.960
   2.384   2.976
   2.401   2.987
   2.418   2.996
   2.434   3.002
   2.451   3.006
   2.467   3.008
   2.484   3.007
   2.500   3.004
   2.517   2.998
   2.533   2.990
   2.550   2.980
   2.566   2.967
   2.583   2.953
   2.600   2.938
   2.616   2.921
   2.633   2.905
   2.649   2.888
   2.666   2.872
   2.682   2.857
   2.716   2.884
   2.750   2.910
   2.784   2.936
   2.818   2.962
   2.852   2.986
   2.886   3.008
   2.920   3.027
   2.954   3.043
   2.988   3.056
   3.022   3.066
   3.056   3.071
   3.090   3.072
   3.124   3.069
   3.158   3.062
   3.192   3.051
   3.226   3.037
   3.260   3.020
   3.293   3.001
   3.327   2.981
   3.361   2.961
   3.395   2.943
   3.429   2.926
   3.463   2.911
   3.497   2.896
   3.531   2.875
   3.565   2.853
   3.599   2.833
   3.633   2.818
   3.667   2.808
   3.701   2.805

   0.000   2.889
   0.003   2.889
   0.007   2.888
   0.010   2.888
   0.014   2.888
   0.017   2.887
   0.020   2.887
   0.024   2.887
   0.027   2.887
   0.031   2.887
   0.034   2.887
   0.038   2.888
   0.041   2.889
   0.044   2.889
   0.048   2.890
   0.051   2.890
   0.055   2.890
   0.058   2.890
   0.061   2.890
   0.065   2.889
   0.068   2.888
   0.072   2.887
   0.075   2.886
   0.079   2.884
   0.082   2.882
   0.085   2.880
   0.089   2.877
   0.092   2.874
   0.096   2.871
   0.099   2.868
   0.102   2.867
   0.134   2.872
   0.166   2.889
   0.197   2.919
   0.229   2.956
   0.260   2.997
   0.292   3.040
   0.323   3.082
   0.355   3.121
   0.387   3.156
   0.418   3.188
   0.450   3.214
   0.481   3.237
   0.513   3.255
   0.544   3.269
   0.576   3.280
   0.607   3.289
   0.639   3.295
   0.671   3.300
   0.702   3.303
   0.734   3.305
   0.765   3.306
   0.797   3.307
   0.828   3.307
   0.860   3.307
   0.892   3.306
   0.923   3.305
   0.955   3.303
   0.986   3.300
   1.018   3.297
   1.049   3.294
   1.053   3.289
   1.056   3.284
   1.060   3.280
   1.063   3.276
   1.066   3.273
   1.070   3.270
   1.073   3.268
   1.077   3.268
   1.080   3.267
   1.084   3.268
   1.087   3.270
   1.090   3.272
   1.094   3.274
   1.097   3.277
   1.101   3.281
   1.104   3.284
   1.107   3.288
   1.111   3.292
   1.114   3.296
   1.118   3.300
   1.121   3.304
   1.124   3.307
   1.128   3.311
   1.131   3.314
   1.135   3.317
   1.138   3.319
   1.142   3.321
   1.145   3.323
   1.148   3.324
   1.152   3.324
   1.156   3.324
   1.160   3.324
   1.164   3.324
   1.168   3.325
   1.172   3.325
   1.176   3.325
   1.180   3.325
   1.185   3.325
   1.189   3.325
   1.193   3.325
   1.197   3.325
   1.201   3.325
   1.205   3.325
   1.209   3.325
   1.213   3.325
   1.217   3.325
   1.221   3.325
   1.226   3.325
   1.230   3.325
   1.234   3.325
   1.238   3.325
   1.242   3.325
   1.246   3.325
   1.250   3.325
   1.254   3.325
   1.258   3.325
   1.262   3.325
   1.267   3.325
   1.271   3.325
   1.275   3.325
   1.302   3.325
   1.329   3.324
   1.356   3.321
   1.383   3.318
   1.409   3.315
   1.436   3.310
   1.463   3.306
   1.490   3.300
   1.517   3.293
   1.544   3.286
   1.571   3.278
   1.598   3.267
   1.625   3.255
   1.652   3.241
   1.679   3.223
   1.706   3.201
   1.733   3.175
   1.760   3.145
   1.787   3.110
   1.814   3.070
   1.841   3.027
   1.868   2.981
   1.895   2.936
   1.922   2.893
   1.949   2.859
   1.976   2.837
   2.002   2.825
   2.029   2.820
   2.056   2.817
   2.083   2.817
   2.087   2.817
   2.090   2.816
   2.094   2.814
   2.097   2.813
   2.100   2.811
   2.104   2.808
   2.107   2.806
   2.111   2.803
   2.114   2.801
   2.117   2.799
   2.121   2.797
   2.124   2.796
   2.128   2.796
   2.131   2.796
   2.135   2.798
   2.138   2.800
   2.141   2.804
   2.145   2.809
   2.148   2.815
   2.152   2.821
   2.155   2.829
   2.158   2.837
   2.162   2.846
   2.165   2.855
   2.169   2.865
   2.172   2.875
   2.176   2.885
   2.179   2.896
   2.182   2.906
   2.186   2.917
   2.202   2.918
   2.219   2.919
   2.235   2.923
   2.252   2.927
   2.269   2.933
   2.285   2.941
   2.302   2.950
   2.318   2.961
   2.335   2.976
   2.351   2.996
   2.368   3.023
   2.384   3.055
   2.401   3.087
   2.418   3.117
   2.434   3.144
   2.451   3.169
   2.467   3.190
   2.484   3.208
   2.500   3.224
   2.517   3.237
   2.533   3.247
   2.550   3.256
   2.566   3.264
   2.583   3.270
   2.600   3.276
   2.616   3.280
   2.633   3.284
   2.649   3.288
   2.666   3.291
   2.682   3.294
   2.716   3.287
   2.750   3.279
   2.784   3.273
   2.818   3.268
   2.852   3.263
   2.886   3.258
   2.920   3.253
   2.954   3.247
   2.988   3.239
   3.022   3.230
   3.056   3.218
   3.090   3.204
   3.124   3.187
   3.158   3.167
   3.192   3.145
   3.226   3.120
   3.260   3.094
   3.293   3.067
   3.327   3.040
   3.361   3.012
   3.395   2.985
   3.429   2.957
   3.463   2.931
   3.497   2.908
   3.531   2.896
   3.565   2.889
   3.599   2.885
   3.633   2.885
   3.667   2.887
   3.701   2.889

   0.000   2.925
   0.003   2.925
   0.007   2.924
   0.010   2.924
   0.014   2.922
   0.017   2.921
   0.020   2.920
   0.024   2.918
   0.027   2.917
   0.031   2.915
   0.034   2.914
   0.038   2.913
   0.041   2.912
   0.044   2.911
   0.048   2.909
   0.051   2.908
   0.055   2.907
   0.058   2.905
   0.061   2.903
   0.065   2.900
   0.068   2.897
   0.072   2.894
   0.075   2.891
   0.079   2.887
   0.082   2.884
   0.085   2.881
   0.089   2.879
   0.092   2.877
   0.096   2.874
   0.099   2.873
   0.102   2.872
   0.134   2.877
   0.166   2.894
   0.197   2.924
   0.229   2.961
   0.260   3.002
   0.292   3.045
   0.323   3.086
   0.355   3.125
   0.387   3.161
   0.418   3.192
   0.450   3.218
   0.481   3.240
   0.513   3.258
   0.544   3.272
   0.576   3.282
   0.607   3.290
   0.639   3.296
   0.671   3.300
   0.702   3.303
   0.734   3.305
   0.765   3.307
   0.797   3.307
   0.828   3.307
   0.860   3.307
   0.892   3.306
   0.923   3.305
   0.955   3.303
   0.986   3.301
   1.018   3.299
   1.049   3.295
   1.053   3.300
   1.056   3.307
   1.060   3.313
   1.063   3.320
   1.066   3.327
   1.070   3.334
   1.073   3.341
   1.077   3.348
   1.080   3.356
   1.084   3.363
   1.087   3.370
   1.090   3.377
   1.094   3.384
   1.097   3.390
   1.101   3.397
   1.104   3.403
   1.107   3.408
   1.111   3.413
   1.114   3.418
   1.118   3.423
   1.121   3.427
   1.124   3.430
   1.128   3.434
   1.131   3.437
   1.135   3.439
   1.138   3.441
   1.142   3.443
   1.145   3.444
   1.148   3.445
   1.152   3.445
   1.156   3.446
   1.160   3.447
   1.164   3.448
   1.168   3.449
   1.172   3.451
   1.176   3.452
   1.180   3.453
   1.185   3.454
   1.189   3.455
   1.193   3.456
   1.197   3.457
   1.201   3.458
   1.205   3.459
   1.209   3.460
   1.213   3.460
   1.217   3.461
   1.221   3.462
   1.226   3.462
   1.230   3.463
   1.234   3.464
   1.238   3.464
   1.242   3.464
   1.246   3.465
   1.250   3.465
   1.254   3.465
   1.258   3.466
   1.262   3.466
   1.267   3.466
   1.271   3.466
   1.275   3.466
   1.302   3.466
   1.329   3.465
   1.356   3.464
   1.383   3.462
   1.409   3.459
   1.436   3.455
   1.463   3.450
   1.490   3.443
   1.517   3.435
   1.544   3.425
   1.571   3.413
   1.598   3.399
   1.625   3.384
   1.652   3.367
   1.679   3.348
   1.706   3.329
   1.733   3.309
   1.760   3.288
   1.787   3.268
   1.814   3.247
   1.841   3.226
   1.868   3.205
   1.895   3.186
   1.922   3.168
   1.949   3.151
   1.976   3.137
   2.002   3.126
   2.029   3.118
   2.056   3.113
   2.083   3.111
   2.087   3.111
   2.090   3.110
   2.094   3.110
   2.097   3.109
   2.100   3.107
   2.104   3.105
   2.107   3.103
   2.111   3.100
   2.114   3.096
   2.117   3.092
   2.121   3.087
   2.124   3.082
   2.128   3.076
   2.131   3.070
   2.135   3.063
   2.138   3.055
   2.141   3.047
   2.145   3.038
   2.148   3.030
   2.152   3.020
   2.155   3.011
   2.158   3.001
   2.162   2.991
   2.165   2.981
   2.169   2.970
   2.172   2.960
   2.176   2.949
   2.179   2.939
   2.182   2.928
   2.186   2.917
   2.202   2.918
   2.219   2.920
   2.235   2.923
   2.252   2.928
   2.269   2.934
   2.285   2.941
   2.302   2.951
   2.318   2.962
   2.335   2.976
   2.351   2.996
   2.368   3.023
   2.384   3.055
   2.401   3.087
   2.418   3.117
   2.434   3.145
   2.451   3.169
   2.467   3.190
   2.484   3.209
   2.500   3.224
   2.517   3.238
   2.533   3.249
   2.550   3.258
   2.566   3.266
   2.583   3.272
   2.600   3.277
   2.616   3.282
   2.633   3.286
   2.649   3.290
   2.666   3.293
   2.682   3.295
   2.716   3.298
   2.750   3.301
   2.784   3.305
   2.818   3.309
   2.852   3.313
   2.886   3.316
   2.920   3.319
   2.954   3.322
   2.988   3.324
   3.022   3.325
   3.056   3.324
   3.090   3.322
   3.124   3.318
   3.158   3.311
   3.192   3.302
   3.226   3.288
   3.260   3.272
   3.293   3.251
   3.327   3.227
   3.361   3.199
   3.395   3.169
   3.429   3.137
   3.463   3.103
   3.497   3.069
   3.531   3.035
   3.565   3.003
   3.599   2.974
   3.633   2.950
   3.667   2.932
   3.701   2.925

