   0.000   0.141
   0.008   0.141
   0.017   0.141
   0.025   0.141
   0.033   0.141
   0.042   0.142
   0.050   0.142
   0.058   0.142
   0.067   0.142
   0.075   0.142
   0.083   0.143
   0.092   0.143
   0.100   0.143
   0.108   0.144
   0.117   0.144
   0.125   0.145
   0.133   0.146
   0.142   0.147
   0.150   0.148
   0.158   0.149
   0.167   0.150
   0.175   0.151
   0.183   0.153
   0.192   0.154
   0.200   0.155
   0.208   0.157
   0.217   0.158
   0.225   0.160
   0.233   0.161
   0.242   0.162
   0.250   0.141
   0.256   0.141
   0.261   0.141
   0.267   0.141
   0.272   0.141
   0.278   0.142
   0.284   0.142
   0.289   0.142
   0.295   0.142
   0.300   0.142
   0.306   0.143
   0.312   0.143
   0.317   0.143
   0.323   0.144
   0.328   0.144
   0.334   0.145
   0.340   0.146
   0.345   0.147
   0.351   0.148
   0.357   0.149
   0.362   0.150
   0.368   0.151
   0.373   0.153
   0.379   0.154
   0.385   0.155
   0.390   0.157
   0.396   0.158
   0.401   0.160
   0.407   0.161
   0.413   0.162
   0.418   0.141
   0.427   0.141
   0.435   0.141
   0.443   0.141
   0.452   0.141
   0.460   0.142
   0.468   0.142
   0.477   0.142
   0.485   0.142
   0.493   0.142
   0.502   0.143
   0.510   0.143
   0.518   0.143
   0.527   0.144
   0.535   0.144
   0.543   0.145
   0.552   0.146
   0.560   0.147
   0.568   0.148
   0.577   0.149
   0.585   0.150
   0.593   0.151
   0.602   0.153
   0.610   0.154
   0.618   0.155
   0.627   0.157
   0.635   0.158
   0.643   0.160
   0.652   0.161
   0.660   0.162
   0.668   0.141
   0.672   0.141
   0.677   0.141
   0.681   0.141
   0.685   0.141
   0.690   0.142
   0.694   0.142
   0.698   0.142
   0.702   0.142
   0.707   0.142
   0.711   0.143
   0.715   0.143
   0.719   0.143
   0.724   0.144
   0.728   0.144
   0.732   0.145
   0.737   0.146
   0.741   0.147
   0.745   0.148
   0.749   0.149
   0.754   0.150
   0.758   0.151
   0.762   0.153
   0.766   0.154
   0.771   0.155
   0.775   0.157
   0.779   0.158
   0.784   0.160
   0.788   0.161
   0.792   0.162
   0.796   0.141
   0.805   0.141
   0.813   0.141
   0.821   0.141
   0.830   0.141
   0.838   0.142
   0.846   0.142
   0.855   0.142
   0.863   0.142
   0.871   0.142
   0.880   0.143
   0.888   0.143
   0.896   0.143
   0.905   0.144
   0.913   0.144
   0.921   0.145
   0.930   0.146
   0.938   0.147
   0.946   0.148
   0.955   0.149
   0.963   0.150
   0.971   0.151
   0.980   0.153
   0.988   0.154
   0.996   0.155
   1.005   0.157
   1.013   0.158
   1.021   0.160
   1.030   0.161
   1.038   0.162
   1.046   0.141
   1.055   0.141
   1.063   0.141
   1.071   0.141
   1.080   0.141
   1.088   0.142
   1.096   0.142
   1.105   0.142
   1.113   0.142
   1.121   0.142
   1.130   0.143
   1.138   0.143
   1.146   0.143
   1.155   0.144
   1.163   0.144
   1.171   0.145
   1.180   0.146
   1.188   0.147
   1.196   0.148
   1.205   0.149
   1.213   0.150
   1.221   0.151
   1.230   0.153
   1.238   0.154
   1.246   0.155
   1.255   0.157
   1.263   0.158
   1.271   0.160
   1.280   0.161
   1.288   0.162
   1.296   0.141
   1.299   0.141
   1.302   0.141
   1.305   0.141
   1.308   0.141
   1.311   0.142
   1.314   0.142
   1.317   0.142
   1.320   0.142
   1.323   0.142
   1.326   0.143
   1.329   0.143
   1.332   0.143
   1.335   0.144
   1.338   0.144
   1.340   0.145
   1.343   0.146
   1.346   0.147
   1.349   0.148
   1.352   0.149
   1.355   0.150
   1.358   0.151
   1.361   0.153
   1.364   0.154
   1.367   0.155
   1.370   0.157
   1.373   0.158
   1.376   0.160
   1.379   0.161
   1.382   0.162
   1.385   0.141
   1.413   0.141
   1.440   0.141
   1.468   0.141
   1.496   0.141
   1.524   0.142
   1.552   0.142
   1.580   0.142
   1.608   0.142
   1.636   0.142
   1.664   0.143
   1.692   0.143
   1.720   0.143
   1.748   0.144
   1.776   0.144
   1.804   0.145
   1.832   0.146
   1.860   0.147
   1.888   0.148
   1.915   0.149
   1.943   0.150
   1.971   0.151
   1.999   0.153
   2.027   0.154
   2.055   0.155
   2.083   0.157
   2.111   0.158
   2.139   0.160
   2.167   0.161
   2.195   0.162

   0.000   0.177
   0.008   0.177
   0.017   0.178
   0.025   0.179
   0.033   0.181
   0.042   0.183
   0.050   0.185
   0.058   0.186
   0.067   0.185
   0.075   0.184
   0.083   0.183
   0.092   0.182
   0.100   0.181
   0.108   0.180
   0.117   0.179
   0.125   0.177
   0.133   0.176
   0.142   0.175
   0.150   0.174
   0.158   0.174
   0.167   0.173
   0.175   0.172
   0.183   0.171
   0.192   0.170
   0.200   0.169
   0.208   0.168
   0.217   0.168
   0.225   0.167
   0.233   0.166
   0.242   0.165
   0.250   0.177
   0.256   0.177
   0.261   0.178
   0.267   0.179
   0.272   0.181
   0.278   0.183
   0.284   0.185
   0.289   0.186
   0.295   0.185
   0.300   0.184
   0.306   0.183
   0.312   0.182
   0.317   0.181
   0.323   0.180
   0.328   0.179
   0.334   0.177
   0.340   0.176
   0.345   0.175
   0.351   0.174
   0.357   0.174
   0.362   0.173
   0.368   0.172
   0.373   0.171
   0.379   0.170
   0.385   0.169
   0.390   0.168
   0.396   0.168
   0.401   0.167
   0.407   0.166
   0.413   0.165
   0.418   0.177
   0.427   0.177
   0.435   0.178
   0.443   0.179
   0.452   0.181
   0.460   0.183
   0.468   0.185
   0.477   0.186
   0.485   0.185
   0.493   0.184
   0.502   0.183
   0.510   0.182
   0.518   0.181
   0.527   0.180
   0.535   0.179
   0.543   0.177
   0.552   0.176
   0.560   0.175
   0.568   0.174
   0.577   0.174
   0.585   0.173
   0.593   0.172
   0.602   0.171
   0.610   0.170
   0.618   0.169
   0.627   0.168
   0.635   0.168
   0.643   0.167
   0.652   0.166
   0.660   0.165
   0.668   0.177
   0.672   0.177
   0.677   0.178
   0.681   0.179
   0.685   0.181
   0.690   0.183
   0.694   0.185
   0.698   0.186
   0.702   0.185
   0.707   0.184
   0.711   0.183
   0.715   0.182
   0.719   0.181
   0.724   0.180
   0.728   0.179
   0.732   0.177
   0.737   0.176
   0.741   0.175
   0.745   0.174
   0.749   0.174
   0.754   0.173
   0.758   0.172
   0.762   0.171
   0.766   0.170
   0.771   0.169
   0.775   0.168
   0.779   0.168
   0.784   0.167
   0.788   0.166
   0.792   0.165
   0.796   0.177
   0.805   0.177
   0.813   0.178
   0.821   0.179
   0.830   0.181
   0.838   0.183
   0.846   0.185
   0.855   0.186
   0.863   0.185
   0.871   0.184
   0.880   0.183
   0.888   0.182
   0.896   0.181
   0.905   0.180
   0.913   0.179
   0.921   0.177
   0.930   0.176
   0.938   0.175
   0.946   0.174
   0.955   0.174
   0.963   0.173
   0.971   0.172
   0.980   0.171
   0.988   0.170
   0.996   0.169
   1.005   0.168
   1.013   0.168
   1.021   0.167
   1.030   0.166
   1.038   0.165
   1.046   0.177
   1.055   0.177
   1.063   0.178
   1.071   0.179
   1.080   0.181
   1.088   0.183
   1.096   0.185
   1.105   0.186
   1.113   0.185
   1.121   0.184
   1.130   0.183
   1.138   0.182
   1.146   0.181
   1.155   0.180
   1.163   0.179
   1.171   0.177
   1.180   0.176
   1.188   0.175
   1.196   0.174
   1.205   0.174
   1.213   0.173
   1.221   0.172
   1.230   0.171
   1.238   0.170
   1.246   0.169
   1.255   0.168
   1.263   0.168
   1.271   0.167
   1.280   0.166
   1.288   0.165
   1.296   0.177
   1.299   0.177
   1.302   0.178
   1.305   0.179
   1.308   0.181
   1.311   0.183
   1.314   0.185
   1.317   0.186
   1.320   0.185
   1.323   0.184
   1.326   0.183
   1.329   0.182
   1.332   0.181
   1.335   0.180
   1.338   0.179
   1.340   0.177
   1.343   0.176
   1.346   0.175
   1.349   0.174
   1.352   0.174
   1.355   0.173
   1.358   0.172
   1.361   0.171
   1.364   0.170
   1.367   0.169
   1.370   0.168
   1.373   0.168
   1.376   0.167
   1.379   0.166
   1.382   0.165
   1.385   0.177
   1.413   0.177
   1.440   0.178
   1.468   0.179
   1.496   0.181
   1.524   0.183
   1.552   0.185
   1.580   0.186
   1.608   0.185
   1.636   0.184
   1.664   0.183
   1.692   0.182
   1.720   0.181
   1.748   0.180
   1.776   0.179
   1.804   0.177
   1.832   0.176
   1.860   0.175
   1.888   0.174
   1.915   0.174
   1.943   0.173
   1.971   0.172
   1.999   0.171
   2.027   0.170
   2.055   0.169
   2.083   0.168
   2.111   0.168
   2.139   0.167
   2.167   0.166
   2.195   0.165

   0.000   0.189
   0.008   0.189
   0.017   0.188
   0.025   0.188
   0.033   0.188
   0.042   0.187
   0.050   0.186
   0.058   0.188
   0.067   0.191
   0.075   0.194
   0.083   0.198
   0.092   0.202
   0.100   0.206
   0.108   0.211
   0.117   0.216
   0.125   0.221
   0.133   0.227
   0.142   0.233
   0.150   0.240
   0.158   0.247
   0.167   0.254
   0.175   0.261
   0.183   0.268
   0.192   0.276
   0.200   0.284
   0.208   0.291
   0.217   0.298
   0.225   0.300
   0.233   0.301
   0.242   0.302
   0.250   0.189
   0.256   0.189
   0.261   0.188
   0.267   0.188
   0.272   0.188
   0.278   0.187
   0.284   0.186
   0.289   0.188
   0.295   0.191
   0.300   0.194
   0.306   0.198
   0.312   0.202
   0.317   0.206
   0.323   0.211
   0.328   0.216
   0.334   0.221
   0.340   0.227
   0.345   0.233
   0.351   0.240
   0.357   0.247
   0.362   0.254
   0.368   0.261
   0.373   0.268
   0.379   0.276
   0.385   0.284
   0.390   0.291
   0.396   0.298
   0.401   0.300
   0.407   0.301
   0.413   0.302
   0.418   0.189
   0.427   0.189
   0.435   0.188
   0.443   0.188
   0.452   0.188
   0.460   0.187
   0.468   0.186
   0.477   0.188
   0.485   0.191
   0.493   0.194
   0.502   0.198
   0.510   0.202
   0.518   0.206
   0.527   0.211
   0.535   0.216
   0.543   0.221
   0.552   0.227
   0.560   0.233
   0.568   0.240
   0.577   0.247
   0.585   0.254
   0.593   0.261
   0.602   0.268
   0.610   0.276
   0.618   0.284
   0.627   0.291
   0.635   0.298
   0.643   0.300
   0.652   0.301
   0.660   0.302
   0.668   0.189
   0.672   0.189
   0.677   0.188
   0.681   0.188
   0.685   0.188
   0.690   0.187
   0.694   0.186
   0.698   0.188
   0.702   0.191
   0.707   0.194
   0.711   0.198
   0.715   0.202
   0.719   0.206
   0.724   0.211
   0.728   0.216
   0.732   0.221
   0.737   0.227
   0.741   0.233
   0.745   0.240
   0.749   0.247
   0.754   0.254
   0.758   0.261
   0.762   0.268
   0.766   0.276
   0.771   0.284
   0.775   0.291
   0.779   0.298
   0.784   0.300
   0.788   0.301
   0.792   0.302
   0.796   0.189
   0.805   0.189
   0.813   0.188
   0.821   0.188
   0.830   0.188
   0.838   0.187
   0.846   0.186
   0.855   0.188
   0.863   0.191
   0.871   0.194
   0.880   0.198
   0.888   0.202
   0.896   0.206
   0.905   0.211
   0.913   0.216
   0.921   0.221
   0.930   0.227
   0.938   0.233
   0.946   0.240
   0.955   0.247
   0.963   0.254
   0.971   0.261
   0.980   0.268
   0.988   0.276
   0.996   0.284
   1.005   0.291
   1.013   0.298
   1.021   0.300
   1.030   0.301
   1.038   0.302
   1.046   0.189
   1.055   0.189
   1.063   0.188
   1.071   0.188
   1.080   0.188
   1.088   0.187
   1.096   0.186
   1.105   0.188
   1.113   0.191
   1.121   0.194
   1.130   0.198
   1.138   0.202
   1.146   0.206
   1.155   0.211
   1.163   0.216
   1.171   0.221
   1.180   0.227
   1.188   0.233
   1.196   0.240
   1.205   0.247
   1.213   0.254
   1.221   0.261
   1.230   0.268
   1.238   0.276
   1.246   0.284
   1.255   0.291
   1.263   0.298
   1.271   0.300
   1.280   0.301
   1.288   0.302
   1.296   0.189
   1.299   0.189
   1.302   0.188
   1.305   0.188
   1.308   0.188
   1.311   0.187
   1.314   0.186
   1.317   0.188
   1.320   0.191
   1.323   0.194
   1.326   0.198
   1.329   0.202
   1.332   0.206
   1.335   0.211
   1.338   0.216
   1.340   0.221
   1.343   0.227
   1.346   0.233
   1.349   0.240
   1.352   0.247
   1.355   0.254
   1.358   0.261
   1.361   0.268
   1.364   0.276
   1.367   0.284
   1.370   0.291
   1.373   0.298
   1.376   0.300
   1.379   0.301
   1.382   0.302
   1.385   0.189
   1.413   0.189
   1.440   0.188
   1.468   0.188
   1.496   0.188
   1.524   0.187
   1.552   0.186
   1.580   0.188
   1.608   0.191
   1.636   0.194
   1.664   0.198
   1.692   0.202
   1.720   0.206
   1.748   0.211
   1.776   0.216
   1.804   0.221
   1.832   0.227
   1.860   0.233
   1.888   0.240
   1.915   0.247
   1.943   0.254
   1.971   0.261
   1.999   0.268
   2.027   0.276
   2.055   0.284
   2.083   0.291
   2.111   0.298
   2.139   0.300
   2.167   0.301
   2.195   0.302

   0.000   0.276
   0.008   0.276
   0.017   0.276
   0.025   0.276
   0.033   0.276
   0.042   0.276
   0.050   0.276
   0.058   0.276
   0.067   0.277
   0.075   0.277
   0.083   0.278
   0.092   0.278
   0.100   0.279
   0.108   0.280
   0.117   0.281
   0.125   0.283
   0.133   0.284
   0.142   0.285
   0.150   0.287
   0.158   0.288
   0.167   0.290
   0.175   0.291
   0.183   0.293
   0.192   0.294
   0.200   0.295
   0.208   0.297
   0.217   0.299
   0.225   0.307
   0.233   0.306
   0.242   0.305
   0.250   0.276
   0.256   0.276
   0.261   0.276
   0.267   0.276
   0.272   0.276
   0.278   0.276
   0.284   0.276
   0.289   0.276
   0.295   0.277
   0.300   0.277
   0.306   0.278
   0.312   0.278
   0.317   0.279
   0.323   0.280
   0.328   0.281
   0.334   0.283
   0.340   0.284
   0.345   0.285
   0.351   0.287
   0.357   0.288
   0.362   0.290
   0.368   0.291
   0.373   0.293
   0.379   0.294
   0.385   0.295
   0.390   0.297
   0.396   0.299
   0.401   0.307
   0.407   0.306
   0.413   0.305
   0.418   0.276
   0.427   0.276
   0.435   0.276
   0.443   0.276
   0.452   0.276
   0.460   0.276
   0.468   0.276
   0.477   0.276
   0.485   0.277
   0.493   0.277
   0.502   0.278
   0.510   0.278
   0.518   0.279
   0.527   0.280
   0.535   0.281
   0.543   0.283
   0.552   0.284
   0.560   0.285
   0.568   0.287
   0.577   0.288
   0.585   0.290
   0.593   0.291
   0.602   0.293
   0.610   0.294
   0.618   0.295
   0.627   0.297
   0.635   0.299
   0.643   0.307
   0.652   0.306
   0.660   0.305
   0.668   0.276
   0.672   0.276
   0.677   0.276
   0.681   0.276
   0.685   0.276
   0.690   0.276
   0.694   0.276
   0.698   0.276
   0.702   0.277
   0.707   0.277
   0.711   0.278
   0.715   0.278
   0.719   0.279
   0.724   0.280
   0.728   0.281
   0.732   0.283
   0.737   0.284
   0.741   0.285
   0.745   0.287
   0.749   0.288
   0.754   0.290
   0.758   0.291
   0.762   0.293
   0.766   0.294
   0.771   0.295
   0.775   0.297
   0.779   0.299
   0.784   0.307
   0.788   0.306
   0.792   0.305
   0.796   0.276
   0.805   0.276
   0.813   0.276
   0.821   0.276
   0.830   0.276
   0.838   0.276
   0.846   0.276
   0.855   0.276
   0.863   0.277
   0.871   0.277
   0.880   0.278
   0.888   0.278
   0.896   0.279
   0.905   0.280
   0.913   0.281
   0.921   0.283
   0.930   0.284
   0.938   0.285
   0.946   0.287
   0.955   0.288
   0.963   0.290
   0.971   0.291
   0.980   0.293
   0.988   0.294
   0.996   0.295
   1.005   0.297
   1.013   0.299
   1.021   0.307
   1.030   0.306
   1.038   0.305
   1.046   0.276
   1.055   0.276
   1.063   0.276
   1.071   0.276
   1.080   0.276
   1.088   0.276
   1.096   0.276
   1.105   0.276
   1.113   0.277
   1.121   0.277
   1.130   0.278
   1.138   0.278
   1.146   0.279
   1.155   0.280
   1.163   0.281
   1.171   0.283
   1.180   0.284
   1.188   0.285
   1.196   0.287
   1.205   0.288
   1.213   0.290
   1.221   0.291
   1.230   0.293
   1.238   0.294
   1.246   0.295
   1.255   0.297
   1.263   0.299
   1.271   0.307
   1.280   0.306
   1.288   0.305
   1.296   0.276
   1.299   0.276
   1.302   0.276
   1.305   0.276
   1.308   0.276
   1.311   0.276
   1.314   0.276
   1.317   0.276
   1.320   0.277
   1.323   0.277
   1.326   0.278
   1.329   0.278
   1.332   0.279
   1.335   0.280
   1.338   0.281
   1.340   0.283
   1.343   0.284
   1.346   0.285
   1.349   0.287
   1.352   0.288
   1.355   0.290
   1.358   0.291
   1.361   0.293
   1.364   0.294
   1.367   0.295
   1.370   0.297
   1.373   0.299
   1.376   0.307
   1.379   0.306
   1.382   0.305
   1.385   0.276
   1.413   0.276
   1.440   0.276
   1.468   0.276
   1.496   0.276
   1.524   0.276
   1.552   0.276
   1.580   0.276
   1.608   0.277
   1.636   0.277
   1.664   0.278
   1.692   0.278
   1.720   0.279
   1.748   0.280
   1.776   0.281
   1.804   0.283
   1.832   0.284
   1.860   0.285
   1.888   0.287
   1.915   0.288
   1.943   0.290
   1.971   0.291
   1.999   0.293
   2.027   0.294
   2.055   0.295
   2.083   0.297
   2.111   0.299
   2.139   0.307
   2.167   0.306
   2.195   0.305

   0.000   0.331
   0.008   0.331
   0.017   0.330
   0.025   0.330
   0.033   0.329
   0.042   0.329
   0.050   0.328
   0.058   0.327
   0.067   0.326
   0.075   0.324
   0.083   0.323
   0.092   0.322
   0.100   0.321
   0.108   0.320
   0.117   0.319
   0.125   0.318
   0.133   0.317
   0.142   0.316
   0.150   0.315
   0.158   0.314
   0.167   0.313
   0.175   0.313
   0.183   0.312
   0.192   0.311
   0.200   0.310
   0.208   0.309
   0.217   0.308
   0.225   0.307
   0.233   0.315
   0.242   0.323
   0.250   0.331
   0.256   0.331
   0.261   0.330
   0.267   0.330
   0.272   0.329
   0.278   0.329
   0.284   0.328
   0.289   0.327
   0.295   0.326
   0.300   0.324
   0.306   0.323
   0.312   0.322
   0.317   0.321
   0.323   0.320
   0.328   0.319
   0.334   0.318
   0.340   0.317
   0.345   0.316
   0.351   0.315
   0.357   0.314
   0.362   0.313
   0.368   0.313
   0.373   0.312
   0.379   0.311
   0.385   0.310
   0.390   0.309
   0.396   0.308
   0.401   0.307
   0.407   0.315
   0.413   0.323
   0.418   0.331
   0.427   0.331
   0.435   0.330
   0.443   0.330
   0.452   0.329
   0.460   0.329
   0.468   0.328
   0.477   0.327
   0.485   0.326
   0.493   0.324
   0.502   0.323
   0.510   0.322
   0.518   0.321
   0.527   0.320
   0.535   0.319
   0.543   0.318
   0.552   0.317
   0.560   0.316
   0.568   0.315
   0.577   0.314
   0.585   0.313
   0.593   0.313
   0.602   0.312
   0.610   0.311
   0.618   0.310
   0.627   0.309
   0.635   0.308
   0.643   0.307
   0.652   0.315
   0.660   0.323
   0.668   0.331
   0.672   0.331
   0.677   0.330
   0.681   0.330
   0.685   0.329
   0.690   0.329
   0.694   0.328
   0.698   0.327
   0.702   0.326
   0.707   0.324
   0.711   0.323
   0.715   0.322
   0.719   0.321
   0.724   0.320
   0.728   0.319
   0.732   0.318
   0.737   0.317
   0.741   0.316
   0.745   0.315
   0.749   0.314
   0.754   0.313
   0.758   0.313
   0.762   0.312
   0.766   0.311
   0.771   0.310
   0.775   0.309
   0.779   0.308
   0.784   0.307
   0.788   0.315
   0.792   0.323
   0.796   0.331
   0.805   0.331
   0.813   0.330
   0.821   0.330
   0.830   0.329
   0.838   0.329
   0.846   0.328
   0.855   0.327
   0.863   0.326
   0.871   0.324
   0.880   0.323
   0.888   0.322
   0.896   0.321
   0.905   0.320
   0.913   0.319
   0.921   0.318
   0.930   0.317
   0.938   0.316
   0.946   0.315
   0.955   0.314
   0.963   0.313
   0.971   0.313
   0.980   0.312
   0.988   0.311
   0.996   0.310
   1.005   0.309
   1.013   0.308
   1.021   0.307
   1.030   0.315
   1.038   0.323
   1.046   0.331
   1.055   0.331
   1.063   0.330
   1.071   0.330
   1.080   0.329
   1.088   0.329
   1.096   0.328
   1.105   0.327
   1.113   0.326
   1.121   0.324
   1.130   0.323
   1.138   0.322
   1.146   0.321
   1.155   0.320
   1.163   0.319
   1.171   0.318
   1.180   0.317
   1.188   0.316
   1.196   0.315
   1.205   0.314
   1.213   0.313
   1.221   0.313
   1.230   0.312
   1.238   0.311
   1.246   0.310
   1.255   0.309
   1.263   0.308
   1.271   0.307
   1.280   0.315
   1.288   0.323
   1.296   0.331
   1.299   0.331
   1.302   0.330
   1.305   0.330
   1.308   0.329
   1.311   0.329
   1.314   0.328
   1.317   0.327
   1.320   0.326
   1.323   0.324
   1.326   0.323
   1.329   0.322
   1.332   0.321
   1.335   0.320
   1.338   0.319
   1.340   0.318
   1.343   0.317
   1.346   0.316
   1.349   0.315
   1.352   0.314
   1.355   0.313
   1.358   0.313
   1.361   0.312
   1.364   0.311
   1.367   0.310
   1.370   0.309
   1.373   0.308
   1.376   0.307
   1.379   0.315
   1.382   0.323
   1.385   0.331
   1.413   0.331
   1.440   0.330
   1.468   0.330
   1.496   0.329
   1.524   0.329
   1.552   0.328
   1.580   0.327
   1.608   0.326
   1.636   0.324
   1.664   0.323
   1.692   0.322
   1.720   0.321
   1.748   0.320
   1.776   0.319
   1.804   0.318
   1.832   0.317
   1.860   0.316
   1.888   0.315
   1.915   0.314
   1.943   0.313
   1.971   0.313
   1.999   0.312
   2.027   0.311
   2.055   0.310
   2.083   0.309
   2.111   0.308
   2.139   0.307
   2.167   0.315
   2.195   0.323

   0.000   0.533
   0.008   0.532
   0.017   0.531
   0.025   0.528
   0.033   0.524
   0.042   0.520
   0.050   0.514
   0.058   0.509
   0.067   0.502
   0.075   0.496
   0.083   0.489
   0.092   0.482
   0.100   0.475
   0.108   0.467
   0.117   0.460
   0.125   0.452
   0.133   0.445
   0.142   0.437
   0.150   0.429
   0.158   0.421
   0.167   0.413
   0.175   0.405
   0.183   0.397
   0.192   0.388
   0.200   0.380
   0.208   0.372
   0.217   0.364
   0.225   0.355
   0.233   0.347
   0.242   0.339
   0.250   0.533
   0.256   0.532
   0.261   0.531
   0.267   0.528
   0.272   0.524
   0.278   0.520
   0.284   0.514
   0.289   0.509
   0.295   0.502
   0.300   0.496
   0.306   0.489
   0.312   0.482
   0.317   0.475
   0.323   0.467
   0.328   0.460
   0.334   0.452
   0.340   0.445
   0.345   0.437
   0.351   0.429
   0.357   0.421
   0.362   0.413
   0.368   0.405
   0.373   0.397
   0.379   0.388
   0.385   0.380
   0.390   0.372
   0.396   0.364
   0.401   0.355
   0.407   0.347
   0.413   0.339
   0.418   0.533
   0.427   0.532
   0.435   0.531
   0.443   0.528
   0.452   0.524
   0.460   0.520
   0.468   0.514
   0.477   0.509
   0.485   0.502
   0.493   0.496
   0.502   0.489
   0.510   0.482
   0.518   0.475
   0.527   0.467
   0.535   0.460
   0.543   0.452
   0.552   0.445
   0.560   0.437
   0.568   0.429
   0.577   0.421
   0.585   0.413
   0.593   0.405
   0.602   0.397
   0.610   0.388
   0.618   0.380
   0.627   0.372
   0.635   0.364
   0.643   0.355
   0.652   0.347
   0.660   0.339
   0.668   0.533
   0.672   0.532
   0.677   0.531
   0.681   0.528
   0.685   0.524
   0.690   0.520
   0.694   0.514
   0.698   0.509
   0.702   0.502
   0.707   0.496
   0.711   0.489
   0.715   0.482
   0.719   0.475
   0.724   0.467
   0.728   0.460
   0.732   0.452
   0.737   0.445
   0.741   0.437
   0.745   0.429
   0.749   0.421
   0.754   0.413
   0.758   0.405
   0.762   0.397
   0.766   0.388
   0.771   0.380
   0.775   0.372
   0.779   0.364
   0.784   0.355
   0.788   0.347
   0.792   0.339
   0.796   0.533
   0.805   0.532
   0.813   0.531
   0.821   0.528
   0.830   0.524
   0.838   0.520
   0.846   0.514
   0.855   0.509
   0.863   0.502
   0.871   0.496
   0.880   0.489
   0.888   0.482
   0.896   0.475
   0.905   0.467
   0.913   0.460
   0.921   0.452
   0.930   0.445
   0.938   0.437
   0.946   0.429
   0.955   0.421
   0.963   0.413
   0.971   0.405
   0.980   0.397
   0.988   0.388
   0.996   0.380
   1.005   0.372
   1.013   0.364
   1.021   0.355
   1.030   0.347
   1.038   0.339
   1.046   0.533
   1.055   0.532
   1.063   0.531
   1.071   0.528
   1.080   0.524
   1.088   0.520
   1.096   0.514
   1.105   0.509
   1.113   0.502
   1.121   0.496
   1.130   0.489
   1.138   0.482
   1.146   0.475
   1.155   0.467
   1.163   0.460
   1.171   0.452
   1.180   0.445
   1.188   0.437
   1.196   0.429
   1.205   0.421
   1.213   0.413
   1.221   0.405
   1.230   0.397
   1.238   0.388
   1.246   0.380
   1.255   0.372
   1.263   0.364
   1.271   0.355
   1.280   0.347
   1.288   0.339
   1.296   0.533
   1.299   0.532
   1.302   0.531
   1.305   0.528
   1.308   0.524
   1.311   0.520
   1.314   0.514
   1.317   0.509
   1.320   0.502
   1.323   0.496
   1.326   0.489
   1.329   0.482
   1.332   0.475
   1.335   0.467
   1.338   0.460
   1.340   0.452
   1.343   0.445
   1.346   0.437
   1.349   0.429
   1.352   0.421
   1.355   0.413
   1.358   0.405
   1.361   0.397
   1.364   0.388
   1.367   0.380
   1.370   0.372
   1.373   0.364
   1.376   0.355
   1.379   0.347
   1.382   0.339
   1.385   0.533
   1.413   0.532
   1.440   0.531
   1.468   0.528
   1.496   0.524
   1.524   0.520
   1.552   0.514
   1.580   0.509
   1.608   0.502
   1.636   0.496
   1.664   0.489
   1.692   0.482
   1.720   0.475
   1.748   0.467
   1.776   0.460
   1.804   0.452
   1.832   0.445
   1.860   0.437
   1.888   0.429
   1.915   0.421
   1.943   0.413
   1.971   0.405
   1.999   0.397
   2.027   0.388
   2.055   0.380
   2.083   0.372
   2.111   0.364
   2.139   0.355
   2.167   0.347
   2.195   0.339

   0.000   0.601
   0.008   0.602
   0.017   0.603
   0.025   0.606
   0.033   0.610
   0.042   0.614
   0.050   0.619
   0.058   0.624
   0.067   0.630
   0.075   0.636
   0.083   0.642
   0.092   0.649
   0.100   0.655
   0.108   0.661
   0.117   0.668
   0.125   0.674
   0.133   0.681
   0.142   0.688
   0.150   0.695
   0.158   0.702
   0.167   0.709
   0.175   0.716
   0.183   0.724
   0.192   0.731
   0.200   0.739
   0.208   0.747
   0.217   0.754
   0.225   0.762
   0.233   0.769
   0.242   0.776
   0.250   0.601
   0.256   0.602
   0.261   0.603
   0.267   0.606
   0.272   0.610
   0.278   0.614
   0.284   0.619
   0.289   0.624
   0.295   0.630
   0.300   0.636
   0.306   0.642
   0.312   0.649
   0.317   0.655
   0.323   0.661
   0.328   0.668
   0.334   0.674
   0.340   0.681
   0.345   0.688
   0.351   0.695
   0.357   0.702
   0.362   0.709
   0.368   0.716
   0.373   0.724
   0.379   0.731
   0.385   0.739
   0.390   0.747
   0.396   0.754
   0.401   0.762
   0.407   0.769
   0.413   0.776
   0.418   0.601
   0.427   0.602
   0.435   0.603
   0.443   0.606
   0.452   0.610
   0.460   0.614
   0.468   0.619
   0.477   0.624
   0.485   0.630
   0.493   0.636
   0.502   0.642
   0.510   0.649
   0.518   0.655
   0.527   0.661
   0.535   0.668
   0.543   0.674
   0.552   0.681
   0.560   0.688
   0.568   0.695
   0.577   0.702
   0.585   0.709
   0.593   0.716
   0.602   0.724
   0.610   0.731
   0.618   0.739
   0.627   0.747
   0.635   0.754
   0.643   0.762
   0.652   0.769
   0.660   0.776
   0.668   0.601
   0.672   0.602
   0.677   0.603
   0.681   0.606
   0.685   0.610
   0.690   0.614
   0.694   0.619
   0.698   0.624
   0.702   0.630
   0.707   0.636
   0.711   0.642
   0.715   0.649
   0.719   0.655
   0.724   0.661
   0.728   0.668
   0.732   0.674
   0.737   0.681
   0.741   0.688
   0.745   0.695
   0.749   0.702
   0.754   0.709
   0.758   0.716
   0.762   0.724
   0.766   0.731
   0.771   0.739
   0.775   0.747
   0.779   0.754
   0.784   0.762
   0.788   0.769
   0.792   0.776
   0.796   0.601
   0.805   0.602
   0.813   0.603
   0.821   0.606
   0.830   0.610
   0.838   0.614
   0.846   0.619
   0.855   0.624
   0.863   0.630
   0.871   0.636
   0.880   0.642
   0.888   0.649
   0.896   0.655
   0.905   0.661
   0.913   0.668
   0.921   0.674
   0.930   0.681
   0.938   0.688
   0.946   0.695
   0.955   0.702
   0.963   0.709
   0.971   0.716
   0.980   0.724
   0.988   0.731
   0.996   0.739
   1.005   0.747
   1.013   0.754
   1.021   0.762
   1.030   0.769
   1.038   0.776
   1.046   0.601
   1.055   0.602
   1.063   0.603
   1.071   0.606
   1.080   0.610
   1.088   0.614
   1.096   0.619
   1.105   0.624
   1.113   0.630
   1.121   0.636
   1.130   0.642
   1.138   0.649
   1.146   0.655
   1.155   0.661
   1.163   0.668
   1.171   0.674
   1.180   0.681
   1.188   0.688
   1.196   0.695
   1.205   0.702
   1.213   0.709
   1.221   0.716
   1.230   0.724
   1.238   0.731
   1.246   0.739
   1.255   0.747
   1.263   0.754
   1.271   0.762
   1.280   0.769
   1.288   0.776
   1.296   0.601
   1.299   0.602
   1.302   0.603
   1.305   0.606
   1.308   0.610
   1.311   0.614
   1.314   0.619
   1.317   0.624
   1.320   0.630
   1.323   0.636
   1.326   0.642
   1.329   0.649
   1.332   0.655
   1.335   0.661
   1.338   0.668
   1.340   0.674
   1.343   0.681
   1.346   0.688
   1.349   0.695
   1.352   0.702
   1.355   0.709
   1.358   0.716
   1.361   0.724
   1.364   0.731
   1.367   0.739
   1.370   0.747
   1.373   0.754
   1.376   0.762
   1.379   0.769
   1.382   0.776
   1.385   0.601
   1.413   0.602
   1.440   0.603
   1.468   0.606
   1.496   0.610
   1.524   0.614
   1.552   0.619
   1.580   0.624
   1.608   0.630
   1.636   0.636
   1.664   0.642
   1.692   0.649
   1.720   0.655
   1.748   0.661
   1.776   0.668
   1.804   0.674
   1.832   0.681
   1.860   0.688
   1.888   0.695
   1.915   0.702
   1.943   0.709
   1.971   0.716
   1.999   0.724
   2.027   0.731
   2.055   0.739
   2.083   0.747
   2.111   0.754
   2.139   0.762
   2.167   0.769
   2.195   0.776

   0.000   0.926
   0.008   0.926
   0.017   0.925
   0.025   0.923
   0.033   0.921
   0.042   0.919
   0.050   0.916
   0.058   0.913
   0.067   0.910
   0.075   0.906
   0.083   0.902
   0.092   0.898
   0.100   0.894
   0.108   0.889
   0.117   0.885
   0.125   0.880
   0.133   0.875
   0.142   0.870
   0.150   0.864
   0.158   0.858
   0.167   0.852
   0.175   0.846
   0.183   0.839
   0.192   0.832
   0.200   0.825
   0.208   0.819
   0.217   0.812
   0.225   0.805
   0.233   0.798
   0.242   0.791
   0.250   0.926
   0.256   0.926
   0.261   0.925
   0.267   0.923
   0.272   0.921
   0.278   0.919
   0.284   0.916
   0.289   0.913
   0.295   0.910
   0.300   0.906
   0.306   0.902
   0.312   0.898
   0.317   0.894
   0.323   0.889
   0.328   0.885
   0.334   0.880
   0.340   0.875
   0.345   0.870
   0.351   0.864
   0.357   0.858
   0.362   0.852
   0.368   0.846
   0.373   0.839
   0.379   0.832
   0.385   0.825
   0.390   0.819
   0.396   0.812
   0.401   0.805
   0.407   0.798
   0.413   0.791
   0.418   0.926
   0.427   0.926
   0.435   0.925
   0.443   0.923
   0.452   0.921
   0.460   0.919
   0.468   0.916
   0.477   0.913
   0.485   0.910
   0.493   0.906
   0.502   0.902
   0.510   0.898
   0.518   0.894
   0.527   0.889
   0.535   0.885
   0.543   0.880
   0.552   0.875
   0.560   0.870
   0.568   0.864
   0.577   0.858
   0.585   0.852
   0.593   0.846
   0.602   0.839
   0.610   0.832
   0.618   0.825
   0.627   0.819
   0.635   0.812
   0.643   0.805
   0.652   0.798
   0.660   0.791
   0.668   0.926
   0.672   0.926
   0.677   0.925
   0.681   0.923
   0.685   0.921
   0.690   0.919
   0.694   0.916
   0.698   0.913
   0.702   0.910
   0.707   0.906
   0.711   0.902
   0.715   0.898
   0.719   0.894
   0.724   0.889
   0.728   0.885
   0.732   0.880
   0.737   0.875
   0.741   0.870
   0.745   0.864
   0.749   0.858
   0.754   0.852
   0.758   0.846
   0.762   0.839
   0.766   0.832
   0.771   0.825
   0.775   0.819
   0.779   0.812
   0.784   0.805
   0.788   0.798
   0.792   0.791
   0.796   0.926
   0.805   0.926
   0.813   0.925
   0.821   0.923
   0.830   0.921
   0.838   0.919
   0.846   0.916
   0.855   0.913
   0.863   0.910
   0.871   0.906
   0.880   0.902
   0.888   0.898
   0.896   0.894
   0.905   0.889
   0.913   0.885
   0.921   0.880
   0.930   0.875
   0.938   0.870
   0.946   0.864
   0.955   0.858
   0.963   0.852
   0.971   0.846
   0.980   0.839
   0.988   0.832
   0.996   0.825
   1.005   0.819
   1.013   0.812
   1.021   0.805
   1.030   0.798
   1.038   0.791
   1.046   0.926
   1.055   0.926
   1.063   0.925
   1.071   0.923
   1.080   0.921
   1.088   0.919
   1.096   0.916
   1.105   0.913
   1.113   0.910
   1.121   0.906
   1.130   0.902
   1.138   0.898
   1.146   0.894
   1.155   0.889
   1.163   0.885
   1.171   0.880
   1.180   0.875
   1.188   0.870
   1.196   0.864
   1.205   0.858
   1.213   0.852
   1.221   0.846
   1.230   0.839
   1.238   0.832
   1.246   0.825
   1.255   0.819
   1.263   0.812
   1.271   0.805
   1.280   0.798
   1.288   0.791
   1.296   0.926
   1.299   0.926
   1.302   0.925
   1.305   0.923
   1.308   0.921
   1.311   0.919
   1.314   0.916
   1.317   0.913
   1.320   0.910
   1.323   0.906
   1.326   0.902
   1.329   0.898
   1.332   0.894
   1.335   0.889
   1.338   0.885
   1.340   0.880
   1.343   0.875
   1.346   0.870
   1.349   0.864
   1.352   0.858
   1.355   0.852
   1.358   0.846
   1.361   0.839
   1.364   0.832
   1.367   0.825
   1.370   0.819
   1.373   0.812
   1.376   0.805
   1.379   0.798
   1.382   0.791
   1.385   0.926
   1.413   0.926
   1.440   0.925
   1.468   0.923
   1.496   0.921
   1.524   0.919
   1.552   0.916
   1.580   0.913
   1.608   0.910
   1.636   0.906
   1.664   0.902
   1.692   0.898
   1.720   0.894
   1.748   0.889
   1.776   0.885
   1.804   0.880
   1.832   0.875
   1.860   0.870
   1.888   0.864
   1.915   0.858
   1.943   0.852
   1.971   0.846
   1.999   0.839
   2.027   0.832
   2.055   0.825
   2.083   0.819
   2.111   0.812
   2.139   0.805
   2.167   0.798
   2.195   0.791

   0.000   1.445
   0.008   1.445
   0.017   1.445
   0.025   1.445
   0.033   1.445
   0.042   1.445
   0.050   1.445
   0.058   1.445
   0.067   1.445
   0.075   1.445
   0.083   1.445
   0.092   1.445
   0.100   1.445
   0.108   1.445
   0.117   1.445
   0.125   1.445
   0.133   1.445
   0.142   1.445
   0.150   1.445
   0.158   1.445
   0.167   1.445
   0.175   1.445
   0.183   1.445
   0.192   1.445
   0.200   1.445
   0.208   1.445
   0.217   1.445
   0.225   1.445
   0.233   1.445
   0.242   1.445
   0.250   1.445
   0.256   1.445
   0.261   1.445
   0.267   1.445
   0.272   1.445
   0.278   1.445
   0.284   1.445
   0.289   1.445
   0.295   1.445
   0.300   1.445
   0.306   1.445
   0.312   1.445
   0.317   1.445
   0.323   1.445
   0.328   1.445
   0.334   1.445
   0.340   1.445
   0.345   1.445
   0.351   1.445
   0.357   1.445
   0.362   1.445
   0.368   1.445
   0.373   1.445
   0.379   1.445
   0.385   1.445
   0.390   1.445
   0.396   1.445
   0.401   1.445
   0.407   1.445
   0.413   1.445
   0.418   1.445
   0.427   1.445
   0.435   1.445
   0.443   1.445
   0.452   1.445
   0.460   1.445
   0.468   1.445
   0.477   1.445
   0.485   1.445
   0.493   1.445
   0.502   1.445
   0.510   1.445
   0.518   1.445
   0.527   1.445
   0.535   1.445
   0.543   1.445
   0.552   1.445
   0.560   1.445
   0.568   1.445
   0.577   1.445
   0.585   1.445
   0.593   1.445
   0.602   1.445
   0.610   1.445
   0.618   1.445
   0.627   1.445
   0.635   1.445
   0.643   1.445
   0.652   1.445
   0.660   1.445
   0.668   1.445
   0.672   1.445
   0.677   1.445
   0.681   1.445
   0.685   1.445
   0.690   1.445
   0.694   1.445
   0.698   1.445
   0.702   1.445
   0.707   1.445
   0.711   1.445
   0.715   1.445
   0.719   1.445
   0.724   1.445
   0.728   1.445
   0.732   1.445
   0.737   1.445
   0.741   1.445
   0.745   1.445
   0.749   1.445
   0.754   1.445
   0.758   1.445
   0.762   1.445
   0.766   1.445
   0.771   1.445
   0.775   1.445
   0.779   1.445
   0.784   1.445
   0.788   1.445
   0.792   1.445
   0.796   1.445
   0.805   1.445
   0.813   1.445
   0.821   1.445
   0.830   1.445
   0.838   1.445
   0.846   1.445
   0.855   1.445
   0.863   1.445
   0.871   1.445
   0.880   1.445
   0.888   1.445
   0.896   1.445
   0.905   1.445
   0.913   1.445
   0.921   1.445
   0.930   1.445
   0.938   1.445
   0.946   1.445
   0.955   1.445
   0.963   1.445
   0.971   1.445
   0.980   1.445
   0.988   1.445
   0.996   1.445
   1.005   1.445
   1.013   1.445
   1.021   1.445
   1.030   1.445
   1.038   1.445
   1.046   1.445
   1.055   1.445
   1.063   1.445
   1.071   1.445
   1.080   1.445
   1.088   1.445
   1.096   1.445
   1.105   1.445
   1.113   1.445
   1.121   1.445
   1.130   1.445
   1.138   1.445
   1.146   1.445
   1.155   1.445
   1.163   1.445
   1.171   1.445
   1.180   1.445
   1.188   1.445
   1.196   1.445
   1.205   1.445
   1.213   1.445
   1.221   1.445
   1.230   1.445
   1.238   1.445
   1.246   1.445
   1.255   1.445
   1.263   1.445
   1.271   1.445
   1.280   1.445
   1.288   1.445
   1.296   1.445
   1.299   1.445
   1.302   1.445
   1.305   1.445
   1.308   1.445
   1.311   1.445
   1.314   1.445
   1.317   1.445
   1.320   1.445
   1.323   1.445
   1.326   1.445
   1.329   1.445
   1.332   1.445
   1.335   1.445
   1.338   1.445
   1.340   1.445
   1.343   1.445
   1.346   1.445
   1.349   1.445
   1.352   1.445
   1.355   1.445
   1.358   1.445
   1.361   1.445
   1.364   1.445
   1.367   1.445
   1.370   1.445
   1.373   1.445
   1.376   1.445
   1.379   1.445
   1.382   1.445
   1.385   1.445
   1.413   1.445
   1.440   1.445
   1.468   1.445
   1.496   1.445
   1.524   1.445
   1.552   1.445
   1.580   1.445
   1.608   1.445
   1.636   1.445
   1.664   1.445
   1.692   1.445
   1.720   1.445
   1.748   1.445
   1.776   1.445
   1.804   1.445
   1.832   1.445
   1.860   1.445
   1.888   1.445
   1.915   1.445
   1.943   1.445
   1.971   1.445
   1.999   1.445
   2.027   1.445
   2.055   1.445
   2.083   1.445
   2.111   1.445
   2.139   1.445
   2.167   1.445
   2.195   1.445

   0.000   1.450
   0.008   1.450
   0.017   1.450
   0.025   1.450
   0.033   1.450
   0.042   1.450
   0.050   1.450
   0.058   1.450
   0.067   1.449
   0.075   1.449
   0.083   1.449
   0.092   1.449
   0.100   1.449
   0.108   1.449
   0.117   1.449
   0.125   1.449
   0.133   1.448
   0.142   1.448
   0.150   1.448
   0.158   1.447
   0.167   1.447
   0.175   1.447
   0.183   1.446
   0.192   1.446
   0.200   1.446
   0.208   1.446
   0.217   1.446
   0.225   1.445
   0.233   1.445
   0.242   1.445
   0.250   1.450
   0.256   1.450
   0.261   1.450
   0.267   1.450
   0.272   1.450
   0.278   1.450
   0.284   1.450
   0.289   1.450
   0.295   1.449
   0.300   1.449
   0.306   1.449
   0.312   1.449
   0.317   1.449
   0.323   1.449
   0.328   1.449
   0.334   1.449
   0.340   1.448
   0.345   1.448
   0.351   1.448
   0.357   1.447
   0.362   1.447
   0.368   1.447
   0.373   1.446
   0.379   1.446
   0.385   1.446
   0.390   1.446
   0.396   1.446
   0.401   1.445
   0.407   1.445
   0.413   1.445
   0.418   1.450
   0.427   1.450
   0.435   1.450
   0.443   1.450
   0.452   1.450
   0.460   1.450
   0.468   1.450
   0.477   1.450
   0.485   1.449
   0.493   1.449
   0.502   1.449
   0.510   1.449
   0.518   1.449
   0.527   1.449
   0.535   1.449
   0.543   1.449
   0.552   1.448
   0.560   1.448
   0.568   1.448
   0.577   1.447
   0.585   1.447
   0.593   1.447
   0.602   1.446
   0.610   1.446
   0.618   1.446
   0.627   1.446
   0.635   1.446
   0.643   1.445
   0.652   1.445
   0.660   1.445
   0.668   1.450
   0.672   1.450
   0.677   1.450
   0.681   1.450
   0.685   1.450
   0.690   1.450
   0.694   1.450
   0.698   1.450
   0.702   1.449
   0.707   1.449
   0.711   1.449
   0.715   1.449
   0.719   1.449
   0.724   1.449
   0.728   1.449
   0.732   1.449
   0.737   1.448
   0.741   1.448
   0.745   1.448
   0.749   1.447
   0.754   1.447
   0.758   1.447
   0.762   1.446
   0.766   1.446
   0.771   1.446
   0.775   1.446
   0.779   1.446
   0.784   1.445
   0.788   1.445
   0.792   1.445
   0.796   1.450
   0.805   1.450
   0.813   1.450
   0.821   1.450
   0.830   1.450
   0.838   1.450
   0.846   1.450
   0.855   1.450
   0.863   1.449
   0.871   1.449
   0.880   1.449
   0.888   1.449
   0.896   1.449
   0.905   1.449
   0.913   1.449
   0.921   1.449
   0.930   1.448
   0.938   1.448
   0.946   1.448
   0.955   1.447
   0.963   1.447
   0.971   1.447
   0.980   1.446
   0.988   1.446
   0.996   1.446
   1.005   1.446
   1.013   1.446
   1.021   1.445
   1.030   1.445
   1.038   1.445
   1.046   1.450
   1.055   1.450
   1.063   1.450
   1.071   1.450
   1.080   1.450
   1.088   1.450
   1.096   1.450
   1.105   1.450
   1.113   1.449
   1.121   1.449
   1.130   1.449
   1.138   1.449
   1.146   1.449
   1.155   1.449
   1.163   1.449
   1.171   1.449
   1.180   1.448
   1.188   1.448
   1.196   1.448
   1.205   1.447
   1.213   1.447
   1.221   1.447
   1.230   1.446
   1.238   1.446
   1.246   1.446
   1.255   1.446
   1.263   1.446
   1.271   1.445
   1.280   1.445
   1.288   1.445
   1.296   1.450
   1.299   1.450
   1.302   1.450
   1.305   1.450
   1.308   1.450
   1.311   1.450
   1.314   1.450
   1.317   1.450
   1.320   1.449
   1.323   1.449
   1.326   1.449
   1.329   1.449
   1.332   1.449
   1.335   1.449
   1.338   1.449
   1.340   1.449
   1.343   1.448
   1.346   1.448
   1.349   1.448
   1.352   1.447
   1.355   1.447
   1.358   1.447
   1.361   1.446
   1.364   1.446
   1.367   1.446
   1.370   1.446
   1.373   1.446
   1.376   1.445
   1.379   1.445
   1.382   1.445
   1.385   1.450
   1.413   1.450
   1.440   1.450
   1.468   1.450
   1.496   1.450
   1.524   1.450
   1.552   1.450
   1.580   1.450
   1.608   1.449
   1.636   1.449
   1.664   1.449
   1.692   1.449
   1.720   1.449
   1.748   1.449
   1.776   1.449
   1.804   1.449
   1.832   1.448
   1.860   1.448
   1.888   1.448
   1.915   1.447
   1.943   1.447
   1.971   1.447
   1.999   1.446
   2.027   1.446
   2.055   1.446
   2.083   1.446
   2.111   1.446
   2.139   1.445
   2.167   1.445
   2.195   1.445

   0.000   1.534
   0.008   1.534
   0.017   1.534
   0.025   1.535
   0.033   1.535
   0.042   1.536
   0.050   1.537
   0.058   1.538
   0.067   1.539
   0.075   1.541
   0.083   1.543
   0.092   1.544
   0.100   1.546
   0.108   1.548
   0.117   1.550
   0.125   1.553
   0.133   1.555
   0.142   1.557
   0.150   1.560
   0.158   1.563
   0.167   1.566
   0.175   1.569
   0.183   1.572
   0.192   1.575
   0.200   1.578
   0.208   1.581
   0.217   1.585
   0.225   1.588
   0.233   1.591
   0.242   1.595
   0.250   1.534
   0.256   1.534
   0.261   1.534
   0.267   1.535
   0.272   1.535
   0.278   1.536
   0.284   1.537
   0.289   1.538
   0.295   1.539
   0.300   1.541
   0.306   1.543
   0.312   1.544
   0.317   1.546
   0.323   1.548
   0.328   1.550
   0.334   1.553
   0.340   1.555
   0.345   1.557
   0.351   1.560
   0.357   1.563
   0.362   1.566
   0.368   1.569
   0.373   1.572
   0.379   1.575
   0.385   1.578
   0.390   1.581
   0.396   1.585
   0.401   1.588
   0.407   1.591
   0.413   1.595
   0.418   1.534
   0.427   1.534
   0.435   1.534
   0.443   1.535
   0.452   1.535
   0.460   1.536
   0.468   1.537
   0.477   1.538
   0.485   1.539
   0.493   1.541
   0.502   1.543
   0.510   1.544
   0.518   1.546
   0.527   1.548
   0.535   1.550
   0.543   1.553
   0.552   1.555
   0.560   1.557
   0.568   1.560
   0.577   1.563
   0.585   1.566
   0.593   1.569
   0.602   1.572
   0.610   1.575
   0.618   1.578
   0.627   1.581
   0.635   1.585
   0.643   1.588
   0.652   1.591
   0.660   1.595
   0.668   1.534
   0.672   1.534
   0.677   1.534
   0.681   1.535
   0.685   1.535
   0.690   1.536
   0.694   1.537
   0.698   1.538
   0.702   1.539
   0.707   1.541
   0.711   1.543
   0.715   1.544
   0.719   1.546
   0.724   1.548
   0.728   1.550
   0.732   1.553
   0.737   1.555
   0.741   1.557
   0.745   1.560
   0.749   1.563
   0.754   1.566
   0.758   1.569
   0.762   1.572
   0.766   1.575
   0.771   1.578
   0.775   1.581
   0.779   1.585
   0.784   1.588
   0.788   1.591
   0.792   1.595
   0.796   1.534
   0.805   1.534
   0.813   1.534
   0.821   1.535
   0.830   1.535
   0.838   1.536
   0.846   1.537
   0.855   1.538
   0.863   1.539
   0.871   1.541
   0.880   1.543
   0.888   1.544
   0.896   1.546
   0.905   1.548
   0.913   1.550
   0.921   1.553
   0.930   1.555
   0.938   1.557
   0.946   1.560
   0.955   1.563
   0.963   1.566
   0.971   1.569
   0.980   1.572
   0.988   1.575
   0.996   1.578
   1.005   1.581
   1.013   1.585
   1.021   1.588
   1.030   1.591
   1.038   1.595
   1.046   1.534
   1.055   1.534
   1.063   1.534
   1.071   1.535
   1.080   1.535
   1.088   1.536
   1.096   1.537
   1.105   1.538
   1.113   1.539
   1.121   1.541
   1.130   1.543
   1.138   1.544
   1.146   1.546
   1.155   1.548
   1.163   1.550
   1.171   1.553
   1.180   1.555
   1.188   1.557
   1.196   1.560
   1.205   1.563
   1.213   1.566
   1.221   1.569
   1.230   1.572
   1.238   1.575
   1.246   1.578
   1.255   1.581
   1.263   1.585
   1.271   1.588
   1.280   1.591
   1.288   1.595
   1.296   1.534
   1.299   1.534
   1.302   1.534
   1.305   1.535
   1.308   1.535
   1.311   1.536
   1.314   1.537
   1.317   1.538
   1.320   1.539
   1.323   1.541
   1.326   1.543
   1.329   1.544
   1.332   1.546
   1.335   1.548
   1.338   1.550
   1.340   1.553
   1.343   1.555
   1.346   1.557
   1.349   1.560
   1.352   1.563
   1.355   1.566
   1.358   1.569
   1.361   1.572
   1.364   1.575
   1.367   1.578
   1.370   1.581
   1.373   1.585
   1.376   1.588
   1.379   1.591
   1.382   1.595
   1.385   1.534
   1.413   1.534
   1.440   1.534
   1.468   1.535
   1.496   1.535
   1.524   1.536
   1.552   1.537
   1.580   1.538
   1.608   1.539
   1.636   1.541
   1.664   1.543
   1.692   1.544
   1.720   1.546
   1.748   1.548
   1.776   1.550
   1.804   1.553
   1.832   1.555
   1.860   1.557
   1.888   1.560
   1.915   1.563
   1.943   1.566
   1.971   1.569
   1.999   1.572
   2.027   1.575
   2.055   1.578
   2.083   1.581
   2.111   1.585
   2.139   1.588
   2.167   1.591
   2.195   1.595

   0.000   1.662
   0.008   1.662
   0.017   1.661
   0.025   1.661
   0.033   1.660
   0.042   1.660
   0.050   1.659
   0.058   1.658
   0.067   1.656
   0.075   1.655
   0.083   1.654
   0.092   1.652
   0.100   1.650
   0.108   1.648
   0.117   1.646
   0.125   1.644
   0.133   1.641
   0.142   1.639
   0.150   1.636
   0.158   1.633
   0.167   1.630
   0.175   1.627
   0.183   1.624
   0.192   1.621
   0.200   1.618
   0.208   1.615
   0.217   1.611
   0.225   1.608
   0.233   1.605
   0.242   1.601
   0.250   1.662
   0.256   1.662
   0.261   1.661
   0.267   1.661
   0.272   1.660
   0.278   1.660
   0.284   1.659
   0.289   1.658
   0.295   1.656
   0.300   1.655
   0.306   1.654
   0.312   1.652
   0.317   1.650
   0.323   1.648
   0.328   1.646
   0.334   1.644
   0.340   1.641
   0.345   1.639
   0.351   1.636
   0.357   1.633
   0.362   1.630
   0.368   1.627
   0.373   1.624
   0.379   1.621
   0.385   1.618
   0.390   1.615
   0.396   1.611
   0.401   1.608
   0.407   1.605
   0.413   1.601
   0.418   1.662
   0.427   1.662
   0.435   1.661
   0.443   1.661
   0.452   1.660
   0.460   1.660
   0.468   1.659
   0.477   1.658
   0.485   1.656
   0.493   1.655
   0.502   1.654
   0.510   1.652
   0.518   1.650
   0.527   1.648
   0.535   1.646
   0.543   1.644
   0.552   1.641
   0.560   1.639
   0.568   1.636
   0.577   1.633
   0.585   1.630
   0.593   1.627
   0.602   1.624
   0.610   1.621
   0.618   1.618
   0.627   1.615
   0.635   1.611
   0.643   1.608
   0.652   1.605
   0.660   1.601
   0.668   1.662
   0.672   1.662
   0.677   1.661
   0.681   1.661
   0.685   1.660
   0.690   1.660
   0.694   1.659
   0.698   1.658
   0.702   1.656
   0.707   1.655
   0.711   1.654
   0.715   1.652
   0.719   1.650
   0.724   1.648
   0.728   1.646
   0.732   1.644
   0.737   1.641
   0.741   1.639
   0.745   1.636
   0.749   1.633
   0.754   1.630
   0.758   1.627
   0.762   1.624
   0.766   1.621
   0.771   1.618
   0.775   1.615
   0.779   1.611
   0.784   1.608
   0.788   1.605
   0.792   1.601
   0.796   1.662
   0.805   1.662
   0.813   1.661
   0.821   1.661
   0.830   1.660
   0.838   1.660
   0.846   1.659
   0.855   1.658
   0.863   1.656
   0.871   1.655
   0.880   1.654
   0.888   1.652
   0.896   1.650
   0.905   1.648
   0.913   1.646
   0.921   1.644
   0.930   1.641
   0.938   1.639
   0.946   1.636
   0.955   1.633
   0.963   1.630
   0.971   1.627
   0.980   1.624
   0.988   1.621
   0.996   1.618
   1.005   1.615
   1.013   1.611
   1.021   1.608
   1.030   1.605
   1.038   1.601
   1.046   1.662
   1.055   1.662
   1.063   1.661
   1.071   1.661
   1.080   1.660
   1.088   1.660
   1.096   1.659
   1.105   1.658
   1.113   1.656
   1.121   1.655
   1.130   1.654
   1.138   1.652
   1.146   1.650
   1.155   1.648
   1.163   1.646
   1.171   1.644
   1.180   1.641
   1.188   1.639
   1.196   1.636
   1.205   1.633
   1.213   1.630
   1.221   1.627
   1.230   1.624
   1.238   1.621
   1.246   1.618
   1.255   1.615
   1.263   1.611
   1.271   1.608
   1.280   1.605
   1.288   1.601
   1.296   1.662
   1.299   1.662
   1.302   1.661
   1.305   1.661
   1.308   1.660
   1.311   1.660
   1.314   1.659
   1.317   1.658
   1.320   1.656
   1.323   1.655
   1.326   1.654
   1.329   1.652
   1.332   1.650
   1.335   1.648
   1.338   1.646
   1.340   1.644
   1.343   1.641
   1.346   1.639
   1.349   1.636
   1.352   1.633
   1.355   1.630
   1.358   1.627
   1.361   1.624
   1.364   1.621
   1.367   1.618
   1.370   1.615
   1.373   1.611
   1.376   1.608
   1.379   1.605
   1.382   1.601
   1.385   1.662
   1.413   1.662
   1.440   1.661
   1.468   1.661
   1.496   1.660
   1.524   1.660
   1.552   1.659
   1.580   1.658
   1.608   1.656
   1.636   1.655
   1.664   1.654
   1.692   1.652
   1.720   1.650
   1.748   1.648
   1.776   1.646
   1.804   1.644
   1.832   1.641
   1.860   1.639
   1.888   1.636
   1.915   1.633
   1.943   1.630
   1.971   1.627
   1.999   1.624
   2.027   1.621
   2.055   1.618
   2.083   1.615
   2.111   1.611
   2.139   1.608
   2.167   1.605
   2.195   1.601

   0.000   2.384
   0.008   2.385
   0.017   2.386
   0.025   2.388
   0.033   2.390
   0.042   2.392
   0.050   2.393
   0.058   2.394
   0.067   2.394
   0.075   2.392
   0.083   2.389
   0.092   2.386
   0.100   2.382
   0.108   2.377
   0.117   2.373
   0.125   2.368
   0.133   2.363
   0.142   2.359
   0.150   2.355
   0.158   2.351
   0.167   2.347
   0.175   2.344
   0.183   2.342
   0.192   2.340
   0.200   2.338
   0.208   2.337
   0.217   2.337
   0.225   2.337
   0.233   2.338
   0.242   2.340
   0.250   2.384
   0.256   2.385
   0.261   2.386
   0.267   2.388
   0.272   2.390
   0.278   2.392
   0.284   2.393
   0.289   2.394
   0.295   2.394
   0.300   2.392
   0.306   2.389
   0.312   2.386
   0.317   2.382
   0.323   2.377
   0.328   2.373
   0.334   2.368
   0.340   2.363
   0.345   2.359
   0.351   2.355
   0.357   2.351
   0.362   2.347
   0.368   2.344
   0.373   2.342
   0.379   2.340
   0.385   2.338
   0.390   2.337
   0.396   2.337
   0.401   2.337
   0.407   2.338
   0.413   2.340
   0.418   2.384
   0.427   2.385
   0.435   2.386
   0.443   2.388
   0.452   2.390
   0.460   2.392
   0.468   2.393
   0.477   2.394
   0.485   2.394
   0.493   2.392
   0.502   2.389
   0.510   2.386
   0.518   2.382
   0.527   2.377
   0.535   2.373
   0.543   2.368
   0.552   2.363
   0.560   2.359
   0.568   2.355
   0.577   2.351
   0.585   2.347
   0.593   2.344
   0.602   2.342
   0.610   2.340
   0.618   2.338
   0.627   2.337
   0.635   2.337
   0.643   2.337
   0.652   2.338
   0.660   2.340
   0.668   2.384
   0.672   2.385
   0.677   2.386
   0.681   2.388
   0.685   2.390
   0.690   2.392
   0.694   2.393
   0.698   2.394
   0.702   2.394
   0.707   2.392
   0.711   2.389
   0.715   2.386
   0.719   2.382
   0.724   2.377
   0.728   2.373
   0.732   2.368
   0.737   2.363
   0.741   2.359
   0.745   2.355
   0.749   2.351
   0.754   2.347
   0.758   2.344
   0.762   2.342
   0.766   2.340
   0.771   2.338
   0.775   2.337
   0.779   2.337
   0.784   2.337
   0.788   2.338
   0.792   2.340
   0.796   2.384
   0.805   2.385
   0.813   2.386
   0.821   2.388
   0.830   2.390
   0.838   2.392
   0.846   2.393
   0.855   2.394
   0.863   2.394
   0.871   2.392
   0.880   2.389
   0.888   2.386
   0.896   2.382
   0.905   2.377
   0.913   2.373
   0.921   2.368
   0.930   2.363
   0.938   2.359
   0.946   2.355
   0.955   2.351
   0.963   2.347
   0.971   2.344
   0.980   2.342
   0.988   2.340
   0.996   2.338
   1.005   2.337
   1.013   2.337
   1.021   2.337
   1.030   2.338
   1.038   2.340
   1.046   2.384
   1.055   2.385
   1.063   2.386
   1.071   2.388
   1.080   2.390
   1.088   2.392
   1.096   2.393
   1.105   2.394
   1.113   2.394
   1.121   2.392
   1.130   2.389
   1.138   2.386
   1.146   2.382
   1.155   2.377
   1.163   2.373
   1.171   2.368
   1.180   2.363
   1.188   2.359
   1.196   2.355
   1.205   2.351
   1.213   2.347
   1.221   2.344
   1.230   2.342
   1.238   2.340
   1.246   2.338
   1.255   2.337
   1.263   2.337
   1.271   2.337
   1.280   2.338
   1.288   2.340
   1.296   2.384
   1.299   2.385
   1.302   2.386
   1.305   2.388
   1.308   2.390
   1.311   2.392
   1.314   2.393
   1.317   2.394
   1.320   2.394
   1.323   2.392
   1.326   2.389
   1.329   2.386
   1.332   2.382
   1.335   2.377
   1.338   2.373
   1.340   2.368
   1.343   2.363
   1.346   2.359
   1.349   2.355
   1.352   2.351
   1.355   2.347
   1.358   2.344
   1.361   2.342
   1.364   2.340
   1.367   2.338
   1.370   2.337
   1.373   2.337
   1.376   2.337
   1.379   2.338
   1.382   2.340
   1.385   2.384
   1.413   2.385
   1.440   2.386
   1.468   2.388
   1.496   2.390
   1.524   2.392
   1.552   2.393
   1.580   2.394
   1.608   2.394
   1.636   2.392
   1.664   2.389
   1.692   2.386
   1.720   2.382
   1.748   2.377
   1.776   2.373
   1.804   2.368
   1.832   2.363
   1.860   2.359
   1.888   2.355
   1.915   2.351
   1.943   2.347
   1.971   2.344
   1.999   2.342
   2.027   2.340
   2.055   2.338
   2.083   2.337
   2.111   2.337
   2.139   2.337
   2.167   2.338
   2.195   2.340

   0.000   2.498
   0.008   2.497
   0.017   2.496
   0.025   2.494
   0.033   2.492
   0.042   2.490
   0.050   2.489
   0.058   2.490
   0.067   2.493
   0.075   2.491
   0.083   2.481
   0.092   2.471
   0.100   2.462
   0.108   2.452
   0.117   2.443
   0.125   2.433
   0.133   2.424
   0.142   2.416
   0.150   2.407
   0.158   2.399
   0.167   2.392
   0.175   2.384
   0.183   2.378
   0.192   2.371
   0.200   2.366
   0.208   2.360
   0.217   2.356
   0.225   2.351
   0.233   2.348
   0.242   2.344
   0.250   2.498
   0.256   2.497
   0.261   2.496
   0.267   2.494
   0.272   2.492
   0.278   2.490
   0.284   2.489
   0.289   2.490
   0.295   2.493
   0.300   2.491
   0.306   2.481
   0.312   2.471
   0.317   2.462
   0.323   2.452
   0.328   2.443
   0.334   2.433
   0.340   2.424
   0.345   2.416
   0.351   2.407
   0.357   2.399
   0.362   2.392
   0.368   2.384
   0.373   2.378
   0.379   2.371
   0.385   2.366
   0.390   2.360
   0.396   2.356
   0.401   2.351
   0.407   2.348
   0.413   2.344
   0.418   2.498
   0.427   2.497
   0.435   2.496
   0.443   2.494
   0.452   2.492
   0.460   2.490
   0.468   2.489
   0.477   2.490
   0.485   2.493
   0.493   2.491
   0.502   2.481
   0.510   2.471
   0.518   2.462
   0.527   2.452
   0.535   2.443
   0.543   2.433
   0.552   2.424
   0.560   2.416
   0.568   2.407
   0.577   2.399
   0.585   2.392
   0.593   2.384
   0.602   2.378
   0.610   2.371
   0.618   2.366
   0.627   2.360
   0.635   2.356
   0.643   2.351
   0.652   2.348
   0.660   2.344
   0.668   2.498
   0.672   2.497
   0.677   2.496
   0.681   2.494
   0.685   2.492
   0.690   2.490
   0.694   2.489
   0.698   2.490
   0.702   2.493
   0.707   2.491
   0.711   2.481
   0.715   2.471
   0.719   2.462
   0.724   2.452
   0.728   2.443
   0.732   2.433
   0.737   2.424
   0.741   2.416
   0.745   2.407
   0.749   2.399
   0.754   2.392
   0.758   2.384
   0.762   2.378
   0.766   2.371
   0.771   2.366
   0.775   2.360
   0.779   2.356
   0.784   2.351
   0.788   2.348
   0.792   2.344
   0.796   2.498
   0.805   2.497
   0.813   2.496
   0.821   2.494
   0.830   2.492
   0.838   2.490
   0.846   2.489
   0.855   2.490
   0.863   2.493
   0.871   2.491
   0.880   2.481
   0.888   2.471
   0.896   2.462
   0.905   2.452
   0.913   2.443
   0.921   2.433
   0.930   2.424
   0.938   2.416
   0.946   2.407
   0.955   2.399
   0.963   2.392
   0.971   2.384
   0.980   2.378
   0.988   2.371
   0.996   2.366
   1.005   2.360
   1.013   2.356
   1.021   2.351
   1.030   2.348
   1.038   2.344
   1.046   2.498
   1.055   2.497
   1.063   2.496
   1.071   2.494
   1.080   2.492
   1.088   2.490
   1.096   2.489
   1.105   2.490
   1.113   2.493
   1.121   2.491
   1.130   2.481
   1.138   2.471
   1.146   2.462
   1.155   2.452
   1.163   2.443
   1.171   2.433
   1.180   2.424
   1.188   2.416
   1.196   2.407
   1.205   2.399
   1.213   2.392
   1.221   2.384
   1.230   2.378
   1.238   2.371
   1.246   2.366
   1.255   2.360
   1.263   2.356
   1.271   2.351
   1.280   2.348
   1.288   2.344
   1.296   2.498
   1.299   2.497
   1.302   2.496
   1.305   2.494
   1.308   2.492
   1.311   2.490
   1.314   2.489
   1.317   2.490
   1.320   2.493
   1.323   2.491
   1.326   2.481
   1.329   2.471
   1.332   2.462
   1.335   2.452
   1.338   2.443
   1.340   2.433
   1.343   2.424
   1.346   2.416
   1.349   2.407
   1.352   2.399
   1.355   2.392
   1.358   2.384
   1.361   2.378
   1.364   2.371
   1.367   2.366
   1.370   2.360
   1.373   2.356
   1.376   2.351
   1.379   2.348
   1.382   2.344
   1.385   2.498
   1.413   2.497
   1.440   2.496
   1.468   2.494
   1.496   2.492
   1.524   2.490
   1.552   2.489
   1.580   2.490
   1.608   2.493
   1.636   2.491
   1.664   2.481
   1.692   2.471
   1.720   2.462
   1.748   2.452
   1.776   2.443
   1.804   2.433
   1.832   2.424
   1.860   2.416
   1.888   2.407
   1.915   2.399
   1.943   2.392
   1.971   2.384
   1.999   2.378
   2.027   2.371
   2.055   2.366
   2.083   2.360
   2.111   2.356
   2.139   2.351
   2.167   2.348
   2.195   2.344

   0.000   2.548
   0.008   2.547
   0.017   2.544
   0.025   2.539
   0.033   2.533
   0.042   2.526
   0.050   2.518
   0.058   2.509
   0.067   2.500
   0.075   2.497
   0.083   2.503
   0.092   2.511
   0.100   2.519
   0.108   2.528
   0.117   2.538
   0.125   2.548
   0.133   2.559
   0.142   2.569
   0.150   2.580
   0.158   2.590
   0.167   2.601
   0.175   2.610
   0.183   2.620
   0.192   2.629
   0.200   2.637
   0.208   2.644
   0.217   2.651
   0.225   2.657
   0.233   2.663
   0.242   2.667
   0.250   2.548
   0.256   2.547
   0.261   2.544
   0.267   2.539
   0.272   2.533
   0.278   2.526
   0.284   2.518
   0.289   2.509
   0.295   2.500
   0.300   2.497
   0.306   2.503
   0.312   2.511
   0.317   2.519
   0.323   2.528
   0.328   2.538
   0.334   2.548
   0.340   2.559
   0.345   2.569
   0.351   2.580
   0.357   2.590
   0.362   2.601
   0.368   2.610
   0.373   2.620
   0.379   2.629
   0.385   2.637
   0.390   2.644
   0.396   2.651
   0.401   2.657
   0.407   2.663
   0.413   2.667
   0.418   2.548
   0.427   2.547
   0.435   2.544
   0.443   2.539
   0.452   2.533
   0.460   2.526
   0.468   2.518
   0.477   2.509
   0.485   2.500
   0.493   2.497
   0.502   2.503
   0.510   2.511
   0.518   2.519
   0.527   2.528
   0.535   2.538
   0.543   2.548
   0.552   2.559
   0.560   2.569
   0.568   2.580
   0.577   2.590
   0.585   2.601
   0.593   2.610
   0.602   2.620
   0.610   2.629
   0.618   2.637
   0.627   2.644
   0.635   2.651
   0.643   2.657
   0.652   2.663
   0.660   2.667
   0.668   2.548
   0.672   2.547
   0.677   2.544
   0.681   2.539
   0.685   2.533
   0.690   2.526
   0.694   2.518
   0.698   2.509
   0.702   2.500
   0.707   2.497
   0.711   2.503
   0.715   2.511
   0.719   2.519
   0.724   2.528
   0.728   2.538
   0.732   2.548
   0.737   2.559
   0.741   2.569
   0.745   2.580
   0.749   2.590
   0.754   2.601
   0.758   2.610
   0.762   2.620
   0.766   2.629
   0.771   2.637
   0.775   2.644
   0.779   2.651
   0.784   2.657
   0.788   2.663
   0.792   2.667
   0.796   2.548
   0.805   2.547
   0.813   2.544
   0.821   2.539
   0.830   2.533
   0.838   2.526
   0.846   2.518
   0.855   2.509
   0.863   2.500
   0.871   2.497
   0.880   2.503
   0.888   2.511
   0.896   2.519
   0.905   2.528
   0.913   2.538
   0.921   2.548
   0.930   2.559
   0.938   2.569
   0.946   2.580
   0.955   2.590
   0.963   2.601
   0.971   2.610
   0.980   2.620
   0.988   2.629
   0.996   2.637
   1.005   2.644
   1.013   2.651
   1.021   2.657
   1.030   2.663
   1.038   2.667
   1.046   2.548
   1.055   2.547
   1.063   2.544
   1.071   2.539
   1.080   2.533
   1.088   2.526
   1.096   2.518
   1.105   2.509
   1.113   2.500
   1.121   2.497
   1.130   2.503
   1.138   2.511
   1.146   2.519
   1.155   2.528
   1.163   2.538
   1.171   2.548
   1.180   2.559
   1.188   2.569
   1.196   2.580
   1.205   2.590
   1.213   2.601
   1.221   2.610
   1.230   2.620
   1.238   2.629
   1.246   2.637
   1.255   2.644
   1.263   2.651
   1.271   2.657
   1.280   2.663
   1.288   2.667
   1.296   2.548
   1.299   2.547
   1.302   2.544
   1.305   2.539
   1.308   2.533
   1.311   2.526
   1.314   2.518
   1.317   2.509
   1.320   2.500
   1.323   2.497
   1.326   2.503
   1.329   2.511
   1.332   2.519
   1.335   2.528
   1.338   2.538
   1.340   2.548
   1.343   2.559
   1.346   2.569
   1.349   2.580
   1.352   2.590
   1.355   2.601
   1.358   2.610
   1.361   2.620
   1.364   2.629
   1.367   2.637
   1.370   2.644
   1.373   2.651
   1.376   2.657
   1.379   2.663
   1.382   2.667
   1.385   2.548
   1.413   2.547
   1.440   2.544
   1.468   2.539
   1.496   2.533
   1.524   2.526
   1.552   2.518
   1.580   2.509
   1.608   2.500
   1.636   2.497
   1.664   2.503
   1.692   2.511
   1.720   2.519
   1.748   2.528
   1.776   2.538
   1.804   2.548
   1.832   2.559
   1.860   2.569
   1.888   2.580
   1.915   2.590
   1.943   2.601
   1.971   2.610
   1.999   2.620
   2.027   2.629
   2.055   2.637
   2.083   2.644
   2.111   2.651
   2.139   2.657
   2.167   2.663
   2.195   2.667

   0.000   2.618
   0.008   2.619
   0.017   2.622
   0.025   2.627
   0.033   2.633
   0.042   2.640
   0.050   2.648
   0.058   2.656
   0.067   2.663
   0.075   2.667
   0.083   2.671
   0.092   2.674
   0.100   2.677
   0.108   2.680
   0.117   2.682
   0.125   2.684
   0.133   2.686
   0.142   2.688
   0.150   2.689
   0.158   2.690
   0.167   2.690
   0.175   2.690
   0.183   2.690
   0.192   2.689
   0.200   2.687
   0.208   2.686
   0.217   2.684
   0.225   2.681
   0.233   2.679
   0.242   2.676
   0.250   2.618
   0.256   2.619
   0.261   2.622
   0.267   2.627
   0.272   2.633
   0.278   2.640
   0.284   2.648
   0.289   2.656
   0.295   2.663
   0.300   2.667
   0.306   2.671
   0.312   2.674
   0.317   2.677
   0.323   2.680
   0.328   2.682
   0.334   2.684
   0.340   2.686
   0.345   2.688
   0.351   2.689
   0.357   2.690
   0.362   2.690
   0.368   2.690
   0.373   2.690
   0.379   2.689
   0.385   2.687
   0.390   2.686
   0.396   2.684
   0.401   2.681
   0.407   2.679
   0.413   2.676
   0.418   2.618
   0.427   2.619
   0.435   2.622
   0.443   2.627
   0.452   2.633
   0.460   2.640
   0.468   2.648
   0.477   2.656
   0.485   2.663
   0.493   2.667
   0.502   2.671
   0.510   2.674
   0.518   2.677
   0.527   2.680
   0.535   2.682
   0.543   2.684
   0.552   2.686
   0.560   2.688
   0.568   2.689
   0.577   2.690
   0.585   2.690
   0.593   2.690
   0.602   2.690
   0.610   2.689
   0.618   2.687
   0.627   2.686
   0.635   2.684
   0.643   2.681
   0.652   2.679
   0.660   2.676
   0.668   2.618
   0.672   2.619
   0.677   2.622
   0.681   2.627
   0.685   2.633
   0.690   2.640
   0.694   2.648
   0.698   2.656
   0.702   2.663
   0.707   2.667
   0.711   2.671
   0.715   2.674
   0.719   2.677
   0.724   2.680
   0.728   2.682
   0.732   2.684
   0.737   2.686
   0.741   2.688
   0.745   2.689
   0.749   2.690
   0.754   2.690
   0.758   2.690
   0.762   2.690
   0.766   2.689
   0.771   2.687
   0.775   2.686
   0.779   2.684
   0.784   2.681
   0.788   2.679
   0.792   2.676
   0.796   2.618
   0.805   2.619
   0.813   2.622
   0.821   2.627
   0.830   2.633
   0.838   2.640
   0.846   2.648
   0.855   2.656
   0.863   2.663
   0.871   2.667
   0.880   2.671
   0.888   2.674
   0.896   2.677
   0.905   2.680
   0.913   2.682
   0.921   2.684
   0.930   2.686
   0.938   2.688
   0.946   2.689
   0.955   2.690
   0.963   2.690
   0.971   2.690
   0.980   2.690
   0.988   2.689
   0.996   2.687
   1.005   2.686
   1.013   2.684
   1.021   2.681
   1.030   2.679
   1.038   2.676
   1.046   2.618
   1.055   2.619
   1.063   2.622
   1.071   2.627
   1.080   2.633
   1.088   2.640
   1.096   2.648
   1.105   2.656
   1.113   2.663
   1.121   2.667
   1.130   2.671
   1.138   2.674
   1.146   2.677
   1.155   2.680
   1.163   2.682
   1.171   2.684
   1.180   2.686
   1.188   2.688
   1.196   2.689
   1.205   2.690
   1.213   2.690
   1.221   2.690
   1.230   2.690
   1.238   2.689
   1.246   2.687
   1.255   2.686
   1.263   2.684
   1.271   2.681
   1.280   2.679
   1.288   2.676
   1.296   2.618
   1.299   2.619
   1.302   2.622
   1.305   2.627
   1.308   2.633
   1.311   2.640
   1.314   2.648
   1.317   2.656
   1.320   2.663
   1.323   2.667
   1.326   2.671
   1.329   2.674
   1.332   2.677
   1.335   2.680
   1.338   2.682
   1.340   2.684
   1.343   2.686
   1.346   2.688
   1.349   2.689
   1.352   2.690
   1.355   2.690
   1.358   2.690
   1.361   2.690
   1.364   2.689
   1.367   2.687
   1.370   2.686
   1.373   2.684
   1.376   2.681
   1.379   2.679
   1.382   2.676
   1.385   2.618
   1.413   2.619
   1.440   2.622
   1.468   2.627
   1.496   2.633
   1.524   2.640
   1.552   2.648
   1.580   2.656
   1.608   2.663
   1.636   2.667
   1.664   2.671
   1.692   2.674
   1.720   2.677
   1.748   2.680
   1.776   2.682
   1.804   2.684
   1.832   2.686
   1.860   2.688
   1.888   2.689
   1.915   2.690
   1.943   2.690
   1.971   2.690
   1.999   2.690
   2.027   2.689
   2.055   2.687
   2.083   2.686
   2.111   2.684
   2.139   2.681
   2.167   2.679
   2.195   2.676

   0.000   2.638
   0.008   2.639
   0.017   2.641
   0.025   2.644
   0.033   2.647
   0.042   2.651
   0.050   2.655
   0.058   2.659
   0.067   2.665
   0.075   2.675
   0.083   2.684
   0.092   2.694
   0.100   2.704
   0.108   2.714
   0.117   2.724
   0.125   2.734
   0.133   2.744
   0.142   2.755
   0.150   2.765
   0.158   2.776
   0.167   2.786
   0.175   2.796
   0.183   2.806
   0.192   2.815
   0.200   2.824
   0.208   2.832
   0.217   2.839
   0.225   2.846
   0.233   2.851
   0.242   2.855
   0.250   2.638
   0.256   2.639
   0.261   2.641
   0.267   2.644
   0.272   2.647
   0.278   2.651
   0.284   2.655
   0.289   2.659
   0.295   2.665
   0.300   2.675
   0.306   2.684
   0.312   2.694
   0.317   2.704
   0.323   2.714
   0.328   2.724
   0.334   2.734
   0.340   2.744
   0.345   2.755
   0.351   2.765
   0.357   2.776
   0.362   2.786
   0.368   2.796
   0.373   2.806
   0.379   2.815
   0.385   2.824
   0.390   2.832
   0.396   2.839
   0.401   2.846
   0.407   2.851
   0.413   2.855
   0.418   2.638
   0.427   2.639
   0.435   2.641
   0.443   2.644
   0.452   2.647
   0.460   2.651
   0.468   2.655
   0.477   2.659
   0.485   2.665
   0.493   2.675
   0.502   2.684
   0.510   2.694
   0.518   2.704
   0.527   2.714
   0.535   2.724
   0.543   2.734
   0.552   2.744
   0.560   2.755
   0.568   2.765
   0.577   2.776
   0.585   2.786
   0.593   2.796
   0.602   2.806
   0.610   2.815
   0.618   2.824
   0.627   2.832
   0.635   2.839
   0.643   2.846
   0.652   2.851
   0.660   2.855
   0.668   2.638
   0.672   2.639
   0.677   2.641
   0.681   2.644
   0.685   2.647
   0.690   2.651
   0.694   2.655
   0.698   2.659
   0.702   2.665
   0.707   2.675
   0.711   2.684
   0.715   2.694
   0.719   2.704
   0.724   2.714
   0.728   2.724
   0.732   2.734
   0.737   2.744
   0.741   2.755
   0.745   2.765
   0.749   2.776
   0.754   2.786
   0.758   2.796
   0.762   2.806
   0.766   2.815
   0.771   2.824
   0.775   2.832
   0.779   2.839
   0.784   2.846
   0.788   2.851
   0.792   2.855
   0.796   2.638
   0.805   2.639
   0.813   2.641
   0.821   2.644
   0.830   2.647
   0.838   2.651
   0.846   2.655
   0.855   2.659
   0.863   2.665
   0.871   2.675
   0.880   2.684
   0.888   2.694
   0.896   2.704
   0.905   2.714
   0.913   2.724
   0.921   2.734
   0.930   2.744
   0.938   2.755
   0.946   2.765
   0.955   2.776
   0.963   2.786
   0.971   2.796
   0.980   2.806
   0.988   2.815
   0.996   2.824
   1.005   2.832
   1.013   2.839
   1.021   2.846
   1.030   2.851
   1.038   2.855
   1.046   2.638
   1.055   2.639
   1.063   2.641
   1.071   2.644
   1.080   2.647
   1.088   2.651
   1.096   2.655
   1.105   2.659
   1.113   2.665
   1.121   2.675
   1.130   2.684
   1.138   2.694
   1.146   2.704
   1.155   2.714
   1.163   2.724
   1.171   2.734
   1.180   2.744
   1.188   2.755
   1.196   2.765
   1.205   2.776
   1.213   2.786
   1.221   2.796
   1.230   2.806
   1.238   2.815
   1.246   2.824
   1.255   2.832
   1.263   2.839
   1.271   2.846
   1.280   2.851
   1.288   2.855
   1.296   2.638
   1.299   2.639
   1.302   2.641
   1.305   2.644
   1.308   2.647
   1.311   2.651
   1.314   2.655
   1.317   2.659
   1.320   2.665
   1.323   2.675
   1.326   2.684
   1.329   2.694
   1.332   2.704
   1.335   2.714
   1.338   2.724
   1.340   2.734
   1.343   2.744
   1.346   2.755
   1.349   2.765
   1.352   2.776
   1.355   2.786
   1.358   2.796
   1.361   2.806
   1.364   2.815
   1.367   2.824
   1.370   2.832
   1.373   2.839
   1.376   2.846
   1.379   2.851
   1.382   2.855
   1.385   2.638
   1.413   2.639
   1.440   2.641
   1.468   2.644
   1.496   2.647
   1.524   2.651
   1.552   2.655
   1.580   2.659
   1.608   2.665
   1.636   2.675
   1.664   2.684
   1.692   2.694
   1.720   2.704
   1.748   2.714
   1.776   2.724
   1.804   2.734
   1.832   2.744
   1.860   2.755
   1.888   2.765
   1.915   2.776
   1.943   2.786
   1.971   2.796
   1.999   2.806
   2.027   2.815
   2.055   2.824
   2.083   2.832
   2.111   2.839
   2.139   2.846
   2.167   2.851
   2.195   2.855

   0.000   2.805
   0.008   2.805
   0.017   2.805
   0.025   2.806
   0.033   2.807
   0.042   2.808
   0.050   2.810
   0.058   2.811
   0.067   2.813
   0.075   2.815
   0.083   2.816
   0.092   2.818
   0.100   2.820
   0.108   2.821
   0.117   2.823
   0.125   2.824
   0.133   2.826
   0.142   2.828
   0.150   2.830
   0.158   2.832
   0.167   2.835
   0.175   2.838
   0.183   2.841
   0.192   2.844
   0.200   2.847
   0.208   2.850
   0.217   2.853
   0.225   2.856
   0.233   2.859
   0.242   2.861
   0.250   2.805
   0.256   2.805
   0.261   2.805
   0.267   2.806
   0.272   2.807
   0.278   2.808
   0.284   2.810
   0.289   2.811
   0.295   2.813
   0.300   2.815
   0.306   2.816
   0.312   2.818
   0.317   2.820
   0.323   2.821
   0.328   2.823
   0.334   2.824
   0.340   2.826
   0.345   2.828
   0.351   2.830
   0.357   2.832
   0.362   2.835
   0.368   2.838
   0.373   2.841
   0.379   2.844
   0.385   2.847
   0.390   2.850
   0.396   2.853
   0.401   2.856
   0.407   2.859
   0.413   2.861
   0.418   2.805
   0.427   2.805
   0.435   2.805
   0.443   2.806
   0.452   2.807
   0.460   2.808
   0.468   2.810
   0.477   2.811
   0.485   2.813
   0.493   2.815
   0.502   2.816
   0.510   2.818
   0.518   2.820
   0.527   2.821
   0.535   2.823
   0.543   2.824
   0.552   2.826
   0.560   2.828
   0.568   2.830
   0.577   2.832
   0.585   2.835
   0.593   2.838
   0.602   2.841
   0.610   2.844
   0.618   2.847
   0.627   2.850
   0.635   2.853
   0.643   2.856
   0.652   2.859
   0.660   2.861
   0.668   2.805
   0.672   2.805
   0.677   2.805
   0.681   2.806
   0.685   2.807
   0.690   2.808
   0.694   2.810
   0.698   2.811
   0.702   2.813
   0.707   2.815
   0.711   2.816
   0.715   2.818
   0.719   2.820
   0.724   2.821
   0.728   2.823
   0.732   2.824
   0.737   2.826
   0.741   2.828
   0.745   2.830
   0.749   2.832
   0.754   2.835
   0.758   2.838
   0.762   2.841
   0.766   2.844
   0.771   2.847
   0.775   2.850
   0.779   2.853
   0.784   2.856
   0.788   2.859
   0.792   2.861
   0.796   2.805
   0.805   2.805
   0.813   2.805
   0.821   2.806
   0.830   2.807
   0.838   2.808
   0.846   2.810
   0.855   2.811
   0.863   2.813
   0.871   2.815
   0.880   2.816
   0.888   2.818
   0.896   2.820
   0.905   2.821
   0.913   2.823
   0.921   2.824
   0.930   2.826
   0.938   2.828
   0.946   2.830
   0.955   2.832
   0.963   2.835
   0.971   2.838
   0.980   2.841
   0.988   2.844
   0.996   2.847
   1.005   2.850
   1.013   2.853
   1.021   2.856
   1.030   2.859
   1.038   2.861
   1.046   2.805
   1.055   2.805
   1.063   2.805
   1.071   2.806
   1.080   2.807
   1.088   2.808
   1.096   2.810
   1.105   2.811
   1.113   2.813
   1.121   2.815
   1.130   2.816
   1.138   2.818
   1.146   2.820
   1.155   2.821
   1.163   2.823
   1.171   2.824
   1.180   2.826
   1.188   2.828
   1.196   2.830
   1.205   2.832
   1.213   2.835
   1.221   2.838
   1.230   2.841
   1.238   2.844
   1.246   2.847
   1.255   2.850
   1.263   2.853
   1.271   2.856
   1.280   2.859
   1.288   2.861
   1.296   2.805
   1.299   2.805
   1.302   2.805
   1.305   2.806
   1.308   2.807
   1.311   2.808
   1.314   2.810
   1.317   2.811
   1.320   2.813
   1.323   2.815
   1.326   2.816
   1.329   2.818
   1.332   2.820
   1.335   2.821
   1.338   2.823
   1.340   2.824
   1.343   2.826
   1.346   2.828
   1.349   2.830
   1.352   2.832
   1.355   2.835
   1.358   2.838
   1.361   2.841
   1.364   2.844
   1.367   2.847
   1.370   2.850
   1.373   2.853
   1.376   2.856
   1.379   2.859
   1.382   2.861
   1.385   2.805
   1.413   2.805
   1.440   2.805
   1.468   2.806
   1.496   2.807
   1.524   2.808
   1.552   2.810
   1.580   2.811
   1.608   2.813
   1.636   2.815
   1.664   2.816
   1.692   2.818
   1.720   2.820
   1.748   2.821
   1.776   2.823
   1.804   2.824
   1.832   2.826
   1.860   2.828
   1.888   2.830
   1.915   2.832
   1.943   2.835
   1.971   2.838
   1.999   2.841
   2.027   2.844
   2.055   2.847
   2.083   2.850
   2.111   2.853
   2.139   2.856
   2.167   2.859
   2.195   2.861

   0.000   2.889
   0.008   2.889
   0.017   2.888
   0.025   2.888
   0.033   2.888
   0.042   2.887
   0.050   2.887
   0.058   2.887
   0.067   2.887
   0.075   2.887
   0.083   2.887
   0.092   2.888
   0.100   2.889
   0.108   2.889
   0.117   2.890
   0.125   2.890
   0.133   2.890
   0.142   2.890
   0.150   2.890
   0.158   2.889
   0.167   2.888
   0.175   2.887
   0.183   2.886
   0.192   2.884
   0.200   2.882
   0.208   2.880
   0.217   2.877
   0.225   2.874
   0.233   2.871
   0.242   2.868
   0.250   2.889
   0.256   2.889
   0.261   2.888
   0.267   2.888
   0.272   2.888
   0.278   2.887
   0.284   2.887
   0.289   2.887
   0.295   2.887
   0.300   2.887
   0.306   2.887
   0.312   2.888
   0.317   2.889
   0.323   2.889
   0.328   2.890
   0.334   2.890
   0.340   2.890
   0.345   2.890
   0.351   2.890
   0.357   2.889
   0.362   2.888
   0.368   2.887
   0.373   2.886
   0.379   2.884
   0.385   2.882
   0.390   2.880
   0.396   2.877
   0.401   2.874
   0.407   2.871
   0.413   2.868
   0.418   2.889
   0.427   2.889
   0.435   2.888
   0.443   2.888
   0.452   2.888
   0.460   2.887
   0.468   2.887
   0.477   2.887
   0.485   2.887
   0.493   2.887
   0.502   2.887
   0.510   2.888
   0.518   2.889
   0.527   2.889
   0.535   2.890
   0.543   2.890
   0.552   2.890
   0.560   2.890
   0.568   2.890
   0.577   2.889
   0.585   2.888
   0.593   2.887
   0.602   2.886
   0.610   2.884
   0.618   2.882
   0.627   2.880
   0.635   2.877
   0.643   2.874
   0.652   2.871
   0.660   2.868
   0.668   2.889
   0.672   2.889
   0.677   2.888
   0.681   2.888
   0.685   2.888
   0.690   2.887
   0.694   2.887
   0.698   2.887
   0.702   2.887
   0.707   2.887
   0.711   2.887
   0.715   2.888
   0.719   2.889
   0.724   2.889
   0.728   2.890
   0.732   2.890
   0.737   2.890
   0.741   2.890
   0.745   2.890
   0.749   2.889
   0.754   2.888
   0.758   2.887
   0.762   2.886
   0.766   2.884
   0.771   2.882
   0.775   2.880
   0.779   2.877
   0.784   2.874
   0.788   2.871
   0.792   2.868
   0.796   2.889
   0.805   2.889
   0.813   2.888
   0.821   2.888
   0.830   2.888
   0.838   2.887
   0.846   2.887
   0.855   2.887
   0.863   2.887
   0.871   2.887
   0.880   2.887
   0.888   2.888
   0.896   2.889
   0.905   2.889
   0.913   2.890
   0.921   2.890
   0.930   2.890
   0.938   2.890
   0.946   2.890
   0.955   2.889
   0.963   2.888
   0.971   2.887
   0.980   2.886
   0.988   2.884
   0.996   2.882
   1.005   2.880
   1.013   2.877
   1.021   2.874
   1.030   2.871
   1.038   2.868
   1.046   2.889
   1.055   2.889
   1.063   2.888
   1.071   2.888
   1.080   2.888
   1.088   2.887
   1.096   2.887
   1.105   2.887
   1.113   2.887
   1.121   2.887
   1.130   2.887
   1.138   2.888
   1.146   2.889
   1.155   2.889
   1.163   2.890
   1.171   2.890
   1.180   2.890
   1.188   2.890
   1.196   2.890
   1.205   2.889
   1.213   2.888
   1.221   2.887
   1.230   2.886
   1.238   2.884
   1.246   2.882
   1.255   2.880
   1.263   2.877
   1.271   2.874
   1.280   2.871
   1.288   2.868
   1.296   2.889
   1.299   2.889
   1.302   2.888
   1.305   2.888
   1.308   2.888
   1.311   2.887
   1.314   2.887
   1.317   2.887
   1.320   2.887
   1.323   2.887
   1.326   2.887
   1.329   2.888
   1.332   2.889
   1.335   2.889
   1.338   2.890
   1.340   2.890
   1.343   2.890
   1.346   2.890
   1.349   2.890
   1.352   2.889
   1.355   2.888
   1.358   2.887
   1.361   2.886
   1.364   2.884
   1.367   2.882
   1.370   2.880
   1.373   2.877
   1.376   2.874
   1.379   2.871
   1.382   2.868
   1.385   2.889
   1.413   2.889
   1.440   2.888
   1.468   2.888
   1.496   2.888
   1.524   2.887
   1.552   2.887
   1.580   2.887
   1.608   2.887
   1.636   2.887
   1.664   2.887
   1.692   2.888
   1.720   2.889
   1.748   2.889
   1.776   2.890
   1.804   2.890
   1.832   2.890
   1.860   2.890
   1.888   2.890
   1.915   2.889
   1.943   2.888
   1.971   2.887
   1.999   2.886
   2.027   2.884
   2.055   2.882
   2.083   2.880
   2.111   2.877
   2.139   2.874
   2.167   2.871
   2.195   2.868

   0.000   2.925
   0.008   2.925
   0.017   2.924
   0.025   2.924
   0.033   2.922
   0.042   2.921
   0.050   2.920
   0.058   2.918
   0.067   2.917
   0.075   2.915
   0.083   2.914
   0.092   2.913
   0.100   2.912
   0.108   2.911
   0.117   2.909
   0.125   2.908
   0.133   2.907
   0.142   2.905
   0.150   2.903
   0.158   2.900
   0.167   2.897
   0.175   2.894
   0.183   2.891
   0.192   2.887
   0.200   2.884
   0.208   2.881
   0.217   2.879
   0.225   2.877
   0.233   2.874
   0.242   2.873
   0.250   2.925
   0.256   2.925
   0.261   2.924
   0.267   2.924
   0.272   2.922
   0.278   2.921
   0.284   2.920
   0.289   2.918
   0.295   2.917
   0.300   2.915
   0.306   2.914
   0.312   2.913
   0.317   2.912
   0.323   2.911
   0.328   2.909
   0.334   2.908
   0.340   2.907
   0.345   2.905
   0.351   2.903
   0.357   2.900
   0.362   2.897
   0.368   2.894
   0.373   2.891
   0.379   2.887
   0.385   2.884
   0.390   2.881
   0.396   2.879
   0.401   2.877
   0.407   2.874
   0.413   2.873
   0.418   2.925
   0.427   2.925
   0.435   2.924
   0.443   2.924
   0.452   2.922
   0.460   2.921
   0.468   2.920
   0.477   2.918
   0.485   2.917
   0.493   2.915
   0.502   2.914
   0.510   2.913
   0.518   2.912
   0.527   2.911
   0.535   2.909
   0.543   2.908
   0.552   2.907
   0.560   2.905
   0.568   2.903
   0.577   2.900
   0.585   2.897
   0.593   2.894
   0.602   2.891
   0.610   2.887
   0.618   2.884
   0.627   2.881
   0.635   2.879
   0.643   2.877
   0.652   2.874
   0.660   2.873
   0.668   2.925
   0.672   2.925
   0.677   2.924
   0.681   2.924
   0.685   2.922
   0.690   2.921
   0.694   2.920
   0.698   2.918
   0.702   2.917
   0.707   2.915
   0.711   2.914
   0.715   2.913
   0.719   2.912
   0.724   2.911
   0.728   2.909
   0.732   2.908
   0.737   2.907
   0.741   2.905
   0.745   2.903
   0.749   2.900
   0.754   2.897
   0.758   2.894
   0.762   2.891
   0.766   2.887
   0.771   2.884
   0.775   2.881
   0.779   2.879
   0.784   2.877
   0.788   2.874
   0.792   2.873
   0.796   2.925
   0.805   2.925
   0.813   2.924
   0.821   2.924
   0.830   2.922
   0.838   2.921
   0.846   2.920
   0.855   2.918
   0.863   2.917
   0.871   2.915
   0.880   2.914
   0.888   2.913
   0.896   2.912
   0.905   2.911
   0.913   2.909
   0.921   2.908
   0.930   2.907
   0.938   2.905
   0.946   2.903
   0.955   2.900
   0.963   2.897
   0.971   2.894
   0.980   2.891
   0.988   2.887
   0.996   2.884
   1.005   2.881
   1.013   2.879
   1.021   2.877
   1.030   2.874
   1.038   2.873
   1.046   2.925
   1.055   2.925
   1.063   2.924
   1.071   2.924
   1.080   2.922
   1.088   2.921
   1.096   2.920
   1.105   2.918
   1.113   2.917
   1.121   2.915
   1.130   2.914
   1.138   2.913
   1.146   2.912
   1.155   2.911
   1.163   2.909
   1.171   2.908
   1.180   2.907
   1.188   2.905
   1.196   2.903
   1.205   2.900
   1.213   2.897
   1.221   2.894
   1.230   2.891
   1.238   2.887
   1.246   2.884
   1.255   2.881
   1.263   2.879
   1.271   2.877
   1.280   2.874
   1.288   2.873
   1.296   2.925
   1.299   2.925
   1.302   2.924
   1.305   2.924
   1.308   2.922
   1.311   2.921
   1.314   2.920
   1.317   2.918
   1.320   2.917
   1.323   2.915
   1.326   2.914
   1.329   2.913
   1.332   2.912
   1.335   2.911
   1.338   2.909
   1.340   2.908
   1.343   2.907
   1.346   2.905
   1.349   2.903
   1.352   2.900
   1.355   2.897
   1.358   2.894
   1.361   2.891
   1.364   2.887
   1.367   2.884
   1.370   2.881
   1.373   2.879
   1.376   2.877
   1.379   2.874
   1.382   2.873
   1.385   2.925
   1.413   2.925
   1.440   2.924
   1.468   2.924
   1.496   2.922
   1.524   2.921
   1.552   2.920
   1.580   2.918
   1.608   2.917
   1.636   2.915
   1.664   2.914
   1.692   2.913
   1.720   2.912
   1.748   2.911
   1.776   2.909
   1.804   2.908
   1.832   2.907
   1.860   2.905
   1.888   2.903
   1.915   2.900
   1.943   2.897
   1.971   2.894
   1.999   2.891
   2.027   2.887
   2.055   2.884
   2.083   2.881
   2.111   2.879
   2.139   2.877
   2.167   2.874
   2.195   2.873

